Time,AccelX[mm/s^2];AccelY[mm/s^2];AccelZ[mm/s^2],Total_axes acceleration, AngleX(deg); AngleY(deg);AngleZ(deg), DistanceX[mm];DistanceY[mm];DistanceZ[mm], Latitude ;Longitude
11:40:53,3.9996884504960306;2.575637254714533;30.38827987356818,30.758396717696677,7;7;7,3.99968845049603e-06;2.575637254714533e-06;3.038827987356818e-05
11:40:55,1.5063518778494767;6.857766682307378;4.191723375353007,8.177322587763467,11;11;11;1.5063518778494768e-06;6.857766682307379e-06;4.191723375353007e-06
11:40:59,6.214948476156168;10.733380619685429;0.3360611184799467,12.40741637746024,30;30;30;6.214948476156169e-06;1.0733380619685428e-05;3.360611184799467e-07
11:41:01,9.322422714233557;17.747019805907772;34.37113409355952,39.789937624122885,14;14;14;9.322422714233559e-06;1.7747019805907773e-05;3.437113409355952e-05
11:42:44,1.2232874107348524;4.0364743614192395;10.348063789940909,11.174613262227174,6;6;6;1.2232874107348524e-06;4.03647436141924e-06;1.034806378994091e-05
11:42:46,7.989401060739365;32.79619831403063;2.6541969967386336,33.85950257845005,14;14;14;7.989401060739365e-06;3.279619831403063e-05;2.6541969967386335e-06
11:42:49,6.125165913898611;0.5075208727522984;0.7039202276395429,6.186334827338783,82;82;82;6.125165913898612e-06;5.075208727522984e-07;7.039202276395429e-07
11:42:52,3.896812597910859;4.486010662714909;7.343465404462179,9.44647681602837,24;24;24;3.896812597910859e-06;4.486010662714909e-06;7.34346540446218e-06
11:42:54,4.839529501597772;2.974670864741201;1.1422337086557377,5.794342964958562,57;57;57;4.8395295015977725e-06;2.974670864741201e-06;1.1422337086557377e-06
11:42:56,0.28929936726768135;3.4023850154873276;4.139350213963056,5.3660169689771,3;3;3;2.8929936726768137e-07;3.4023850154873275e-06;4.1393502139630555e-06
11:42:58,0.5754812844600554;23.222509123483935;2.0749747721691136,23.322127454505445,1;1;1;5.754812844600555e-07;2.3222509123483934e-05;2.0749747721691135e-06
11:43:01,6.013561201096474;9.094225368500089;12.118775434529994,16.30130581901251,22;22;22;6.013561201096474e-06;9.09422536850009e-06;1.2118775434529994e-05
11:47:59,6.655132427214772;2.605564775466515;24.44953747434475,25.47272341412095,15;15;15,6.655132427214773e-06;2.605564775466515e-06;2.444953747434475e-05
11:48:01,15.932663860320273;10.531993344624638;3.6430521615677947,19.44336623501901,55;55;55;1.5932663860320275e-05;1.0531993344624637e-05;3.643052161567795e-06
23:20:30,7.1402076594031945;11.415478696825465;1.6946458625444194,13.570834310996322,32;32;32,7.140207659403194e-06;1.1415478696825465e-05;1.6946458625444194e-06
23:20:32,13.554672940572395;5.528485968907093;11.352506205289714,18.524921397280732,47;47;47,1.3554672940572396e-05;5.528485968907093e-06;1.1352506205289714e-05
23:20:34,5.484218177795125;5.140051689147107;4.448601261733742,8.734233427992496,39;39;39,5.484218177795125e-06;5.140051689147107e-06;4.448601261733743e-06
23:20:36,2.4746318721768703;3.448523276647686;17.82433256779825,18.322743986091382,8;8;8,2.47463187217687e-06;3.448523276647686e-06;1.7824332567798252e-05
23:20:38,22.093368705113434;3.613748130799177;1.3691840743721428,22.42879357706193,80;80;80,2.2093368705113434e-05;3.613748130799177e-06;1.3691840743721429e-06
23:20:40,16.128439725239897;2.7576963392852427;0.4489128112279417,16.368658460072048,80;80;80,1.61284397252399e-05;2.757696339285243e-06;4.489128112279417e-07
23:20:42,9.633544232051019;12.75598223050567;11.86688546818715,19.908370798509132,29;29;29,9.63354423205102e-06;1.275598223050567e-05;1.186688546818715e-05
23:20:44,11.437300847371732;7.8353990268682505;13.983634071292883,19.69130138978532,36;36;36,1.1437300847371733e-05;7.835399026868251e-06;1.3983634071292884e-05
23:20:46,2.684124517441058;8.09102993329458;7.154547929799193,11.129099059959481,14;14;14,2.6841245174410583e-06;8.09102993329458e-06;7.154547929799193e-06
23:20:48,5.593952420552329;6.657002897262343;4.35757171946527,9.726069223887212,35;35;35,5.593952420552329e-06;6.657002897262343e-06;4.35757171946527e-06
23:20:50,9.686540883381701;6.195620285666337;3.4541346867413836,12.006074772536417,54;54;54,9.686540883381702e-06;6.1956202856663365e-06;3.4541346867413837e-06
23:20:52,17.23201705296864;3.6586394119266785;7.094069398297265,18.990889254802234,65;65;65,1.7232017052968643e-05;3.6586394119266785e-06;7.094069398297265e-06
23:20:54,11.4865565586093;0.4981685225200483;2.848102391514118,11.844865583176052,76;76;76,1.14865565586093e-05;4.981685225200483e-07;2.848102391514118e-06
23:20:56,0.4002805900571449;2.5987063852954684;19.919882510517795,20.0926657927858,1;1;1,4.002805900571449e-07;2.5987063852954684e-06;1.9919882510517795e-05
23:20:58,7.446341257095653;4.941158374150767;1.003818925175537,8.992813610328287,56;56;56,7.446341257095652e-06;4.941158374150767e-06;1.003818925175537e-06
23:21:00,5.7186504236854745;0.7332242584241477;15.462552388456174,16.502457600224623,20;20;20,5.718650423685474e-06;7.332242584241478e-07;1.5462552388456176e-05
23:21:02,7.555452009836518;3.788948825198757;8.629101816756801,12.079006020234996,39;39;39,7.5554520098365185e-06;3.788948825198757e-06;8.629101816756801e-06
23:21:04,9.251968342463467;20.0470744736998;6.952537164647055,23.14782681354366,24;24;24,9.251968342463467e-06;2.0047074473699803e-05;6.952537164647055e-06
23:21:07,16.304263909657486;8.876003863016013;15.01613353725162,23.876698528494423,43;43;43,1.630426390965749e-05;8.876003863016013e-06;1.501613353725162e-05
23:21:09,2.555685574213963;11.525836429596259;5.153768469469355,12.881683259300784,11;11;11,2.555685574213963e-06;1.1525836429596258e-05;5.153768469469356e-06
23:21:11,12.716078869501546;32.90032114664632;1.266931711837671,35.29497002874923,21;21;21,1.2716078869501546e-05;3.2900321146646324e-05;1.2669317118376712e-06
23:21:16,9.702128133774183;8.732601159414655;20.719196710624388,24.48825689319538,23;23;23,9.702128133774183e-06;8.732601159414655e-06;2.071919671062439e-05
23:21:18,2.997116505304931;13.94809514045825;12.37690030100147,18.887025346903535,9;9;9,2.997116505304931e-06;1.394809514045825e-05;1.237690030100147e-05
23:21:20,9.114177049001388;13.644455502827002;11.181669940940608,19.856211419032196,27;27;27,9.114177049001388e-06;1.3644455502827002e-05;1.1181669940940609e-05
23:21:22,4.122515983581307;10.396696011226725;5.091419467978753,12.288571039126317,20;20;20,4.122515983581307e-06;1.0396696011226724e-05;5.091419467978753e-06
23:21:24,1.4770478471121673;2.7608137893677664;3.5220950984591326,4.712633765190304,18;18;18,1.4770478471121673e-06;2.7608137893677667e-06;3.522095098459133e-06
23:21:26,14.559738845825537;3.0987453778590357;9.03374683702296,17.412547202832393,57;57;57,1.4559738845825537e-05;3.0987453778590357e-06;9.03374683702296e-06
23:21:28,6.441275351841782;4.305198558173906;4.87569192245374,9.154077479802528,45;45;45,6.441275351841782e-06;4.305198558173906e-06;4.87569192245374e-06
