Time,AccelX[mm/s^2];AccelY[mm/s^2];AccelZ[mm/s^2],Total_axes acceleration, AngleX(deg); AngleY(deg);AngleZ(deg), Latitude ;Longitude
22:02:37,196.09633878707874;536.3385812759384;651.6281200726954,866.4479526897495,13;13;13,43.116605;5.882431666666667 
22:02:41,71.08534366607677;1615.8591702397669;1146.5769401486803,1982.5974537996315,2;2;2,43.116605;5.882431666666667 
22:02:44,382.9700132624307;1480.372295875549;338.601840257649,1566.1479405471046,14;14;14,43.116605;5.882431666666667 
22:02:48,149.81031049410498;188.78903580347676;967.6427875327995,997.2045895573251,9;9;9,43.116605;5.882431666666667 
22:02:52,131.57821545600882;567.3765377457939;1144.3049425315762,1284.0026339027447,6;6;6,43.116605;5.882431666666667 
22:02:56,117.93001901308685;700.3738164774576;198.11831690788574,737.3478417178962,9;9;9,43.116605;5.882431666666667 
22:02:59,23.707584355672324;35.10186439196278;1355.9679565397876,1356.62938550013,1;1;1,43.116605;5.882431666666667 
22:03:03,86.15197989463807;771.7241434001919;205.3595299498383,803.214077122497,6;6;6,43.116605;5.882431666666667 
22:03:07,148.71670900662724;18.429741373062026;39.96383953411886,155.09166120442646,74;74;74,43.116605;5.882431666666667 
22:03:11,966.9631834157309;3413.480643806458;309.17809943833953,3561.244024339688,16;16;16,43.116605;5.882431666666667 
22:03:14,444.77096710522954;2579.4717183113103;222.03477041879262,2626.936428241565,10;10;10,43.116605;5.882431666666667 
22:03:18,505.0512287998199;2436.187477811178;649.6130003420362,2571.397134043977,11;11;11,43.116605;5.882431666666667 
22:03:22,229.64820700009648;614.3839439868925;145.87671198526488,671.9270382317414,20;20;20,43.116605;5.882431666666667 
22:03:25,74.50082197189323;1688.2650657590234;648.8517190329333,1810.192768195918,2;2;2,43.116605;5.882431666666667 
22:03:29,1110.879642791748;485.1544154198963;945.9609222380222,1537.618435754447,46;46;46,43.116605;5.882431666666667 
22:03:33,59.03889307339982;3101.783644704818;211.44728646275368,3109.542944615189,1;1;1,43.116605;5.882431666666667 
22:03:37,521.6634967772162;533.4549399534857;2013.2904109255403,2147.1015941392575,14;14;14,43.116605;5.882431666666667 
22:03:41,305.49763787587466;37.20053178469479;695.7550024414143,760.7809867071176,24;24;24,43.116605;5.882431666666667 
22:03:44,260.35820772171036;2758.5012648995717;514.0986924171518,2818.0512930615055,5;5;5,43.116605;5.882431666666667 
22:03:48,71.7612068430581;586.9316785971318;496.3410732809415,772.0057818268565,5;5;5,43.116605;5.882431666666667 
22:03:52,315.65304325103756;776.2849728647872;1849.601836172706,2030.5866529608556,9;9;9,43.116605;5.882431666666667 
22:03:55,411.2159814421337;119.80048906008345;60.214171752914325,432.5233948034972,72;72;72,43.116605;5.882431666666667 
22:03:59,2391.9913880507147;2376.6803437360127;658.0980759652543,3435.5967945029706,44;44;44,43.116605;5.882431666666667 
22:04:03,979.4018092282613;3191.2987297439554;601.6822053877586,3391.9960145414757,17;17;17,43.116605;5.882431666666667 
22:04:06,296.0056258773804;1066.0195361646006;1563.0077920818123,1914.9439522200412,9;9;9,43.116605;5.882431666666667 
22:04:10,598.574731149674;197.14941342353757;193.6709626261539,659.2935929831948,65;65;65,43.116605;5.882431666666667 
22:04:14,12.351960700353041;23.751852146783882;12.65435335790599,29.611721875846644,25;25;25,43.116605;5.882431666666667 
22:04:18,46.413843746185236;19.333801895776936;17.261944573741417,53.16028139040807,61;61;61,43.116605;5.882431666666667 
22:04:21,25.432781229019206;135.1208857250209;60.217289202981306,150.1019721359876,10;10;10,43.116605;5.882431666666667 
22:04:25,10.430987962086913;25.34673960685774;15.963838361148674,31.719187470424504,19;19;19,43.116605;5.882431666666667 
22:04:29,2.0438002713520156;79.72379783312489;48.60915209135186,93.3965241726175,1;1;1,43.116605;5.882431666666667 
22:04:32,10.894241043726625;104.17395879745492;117.25477932613337,157.22462101806093,4;4;4,43.116605;5.882431666666667 
22:04:36,24.68209925015769;40.82176179567942;64.2151071834558,79.99501390762141,18;18;18,43.116605;5.882431666666667 
22:04:40,49.889800583521534;92.55771631558777;2.10739625293499,105.16826598735595,28;28;28,43.116605;5.882431666666667 
22:04:44,28.44548498471582;26.73275791168239;48.34853326478239,62.13989564230117,27;27;27,43.116605;5.882431666666667 
22:04:47,10.525758444468108;7.999376900990008;19.032656218186617,23.173770179991468,27;27;27,43.116605;5.882431666666667 
22:04:51,5.359520174662423;5.749201434453733;9.365443525281236,12.226581945162376,26;26;26,43.116605;5.882431666666667 
22:04:55,4.443613341649184;14.25796967824311;1.718961973175226,15.032971400924204,17;17;17,43.116605;5.882431666666667 
22:04:58,0.39653964996324426;1.9440418688457806;3.6125011508154614,4.121493302974227,6;6;6,43.116605;5.882431666666667 
22:05:02,276.90438575744616;74.04505077044243;189.2672526455019,343.483334849425,54;54;54,43.116605;5.882431666666667 
22:05:06,609.09924261411;347.7047944863638;181.43185361863522,724.4432544853881,57;57;57,43.116605;5.882431666666667 
22:05:09,220.01216880798333;1537.1017819309232;1026.9959195740962,1861.6680319704303,7;7;7,43.116605;5.882431666666667 
22:05:13,713.1509973684947;568.7881191412605;555.7914697647135,1068.1799602066835,42;42;42,43.116605;5.882431666666667 
22:05:17,264.12907533645637;231.19757968902582;976.5038276354527,1037.6782809131378,15;15;15,43.116605;5.882431666666667 
22:05:21,966.4687558333077;915.1100127728788;2146.927390413266,2526.0216569114914,23;23;23,43.116605;5.882431666666667 
22:05:24,381.64073254903184;112.88660827636745;699.6592969194761,804.9323989221451,28;28;28,43.116605;5.882431666666667 
22:05:28,248.62661958694466;306.2146513938897;871.0030820846359,956.1532187345539,15;15;15,43.116605;5.882431666666667 
22:05:32,10.071234223047762;812.4006320222214;1136.5954884878545,1397.1204390172757,0;0;0,43.116605;5.882431666666667 
22:05:36,875.1337034384409;215.57790781656837;3628.151373650239,3738.424163113726,14;14;14,43.116605;5.882431666666667 
22:05:39,272.83050199508676;321.05870168685897;68.09633253097758,426.79302155952837,40;40;40,43.116605;5.882431666666667 
22:05:43,425.94406259218846;61.913805535633635;1140.035906394294,1218.5825912270789,20;20;20,43.116605;5.882431666666667 
22:05:47,161.42156505584725;298.6242839431758;3.3643521245352304,339.47710304359475,28;28;28,43.116605;5.882431666666667 
22:05:51,283.4067631308237;1309.3888879394526;1847.8585580889276,2282.4109848907797,7;7;7,43.116605;5.882431666666667 
22:05:54,101.06773153940802;266.24270648956286;238.13764705338338,371.2268902726891,16;16;16,43.116605;5.882431666666667 
22:05:58,8.886603193283108;639.4276674461356;23.247448724095676,639.9118357118425,1;1;1,43.116605;5.882431666666667 
22:06:02,155.88622069676717;325.816553996404;695.6764426994245,783.8511680084035,11;11;11,43.116605;5.882431666666667 
22:06:05,543.7911574331927;322.91046703338594;330.9784278360848,713.8113982804541,50;50;50,43.116605;5.882431666666667 
22:06:09,594.3468453534445;98.17099692662539;530.9715792210827,803.0046918665478,48;48;48,43.116605;5.882431666666667 
22:06:13,315.79706944465636;229.8308895746849;218.80135119755374,447.68745588680434,45;45;45,43.116605;5.882431666666667 
22:06:17,141.73985573132848;369.5624839655569;815.810498917898,906.7598284012145,9;9;9,43.116605;5.882431666666667 
22:06:20,358.57222545941653;3301.6863900375374;1875.7740765603382,3814.214918607211,5;5;5,43.116605;5.882431666666667 
22:06:24,204.5153244686128;3632.9977615420025;1107.7054551219999,3803.6180971042218,3;3;3,43.116605;5.882431666666667 
22:06:28,821.9213245614369;5690.111415198644;1170.8575118287445,5867.182449366011,8;8;8,43.116605;5.882431666666667 
22:06:32,300.22914724349965;1552.372922884623;537.336788790979,1669.94911813148,10;10;10,43.116605;5.882431666666667 
22:06:35,19.566363671620678;898.4541004943832;731.4722514788059,1158.7295922543683,1;1;1,43.116605;5.882431666666667 
22:06:39,550.9070489819843;1082.0388651371002;615.6390293884205,1361.3662610743438,24;24;24,43.116605;5.882431666666667 
22:06:43,438.4070045153302;2666.1443123690287;508.38752387364036,2749.3606657578043,9;9;9,43.116605;5.882431666666667 
22:06:47,556.299614127477;259.4971680100749;3527.1615783628104,3580.1783252741,9;9;9,43.116605;5.882431666666667 
22:06:50,201.57868649482725;2829.408290421168;1285.5073498693948,3114.275900963377,4;4;4,43.116605;5.882431666666667 
22:06:54,42.374251934687315;2984.9659318796794;2009.3050627454065,3598.4891311331858,1;1;1,43.116605;5.882431666666667 
22:06:58,181.16188244183854;91.53768664995899;377.38354272205044,428.50567562698893,25;25;25,43.116605;5.882431666666667 
22:07:02,174.18939359664893;1476.615145041148;610.3711622460679,1607.2607713461045,6;6;6,43.116605;5.882431666666667 
22:07:05,486.7337156295775;2601.446000423432;1221.36082658767,2914.8161643185254,10;10;10,43.116605;5.882431666666667 
22:07:09,1011.0196114126837;498.07125807444254;665.7607682577993,1308.9969569606062,51;51;51,43.116605;5.882431666666667 
22:07:13,14.089627374013341;10.321253719330182;28.029617144232688,33.02582800066633,25;25;25,43.116605;5.882431666666667 
22:07:17,11.08315851847301;7.01114522616103;4.835788561537768,13.97774699799009,52;52;52,43.116605;5.882431666666667 
22:07:21,10.365521510442385;7.541111739478246;5.430598036410217,13.921343235614978,48;48;48,43.116605;5.882431666666667 
22:07:25,8.224456796646045;62.43753714879391;100.10069852512693,118.26342452349867,4;4;4,43.116605;5.882431666666667 
22:07:28,44.55522000948565;50.1279737695064;53.898217894222,86.04068384492899,31;31;31,43.116605;5.882431666666667 
22:07:32,14.617099927266334;44.48351865768524;45.791600710545666,65.49285257252401,13;13;13,43.116605;5.882431666666667 
22:07:36,75.51773418744406;56.21074236234003;2.8674305820342028,94.18491329227633,53;53;53,43.116605;5.882431666666667 
22:07:39,88.72824063936858;68.71047019640658;62.59091569262765,128.49689540533888,44;44;44,43.116605;5.882431666666667 
22:07:43,181.31214353561398;367.7587273502345;188.60822369893882,451.32431463706024,24;24;24,43.116605;5.882431666666667 
22:07:47,29.206766293843472;48.80991587638833;29.909439541524918,64.26521344313291,27;27;27,43.116605;5.882431666666667 
22:07:50,4.881303332646407;1.513210268022036;0.12594498312523683,5.112024029611623,73;73;73,43.116605;5.882431666666667 
22:07:54,3.879978367487401;9.09858979860928;25.17465636258187,27.048140258243464,8;8;8,43.116605;5.882431666666667 
22:07:58,3.4952850278221343;5.271608082453194;4.976073815001314,8.047868029052486,26;26;26,43.116605;5.882431666666667 
22:08:02,16.859793513615667;4.565193894704889;1.3629491742914723,17.520024630967548,74;74;74,43.116605;5.882431666666667 
22:08:05,52.73977344512943;30.191257028580054;130.61554687179822,144.06046226716157,21;21;21,43.116605;5.882431666666667 
22:08:09,459.75405567169173;44.618192501068464;169.0019566663139,491.8599761778489,69;69;69,43.116605;5.882431666666667 
22:08:13,441.7663687197366;373.23733411788896;1197.2591965421007,1329.6214558346626,19;19;19,43.116605;5.882431666666667 
22:08:16,552.6428451855976;625.2962662410738;3195.5210041300165,3302.6904218751674,10;10;10,43.116605;5.882431666666667 
22:08:20,372.481040728887;828.8751087061563;837.3938527902122,1235.7202499861985,18;18;18,43.116605;5.882431666666667 
22:08:24,71.33848061243694;862.1732164827985;723.3064027436313,1127.6541962349618,4;4;4,43.116605;5.882431666666667 
22:08:28,549.8065891043343;1094.7830010573066;374.5610034211318,1281.0671528496973,25;25;25,43.116605;5.882431666666667 
22:08:31,376.0792016092933;896.0293478234604;300.3962425676843,1017.1244076280946,22;22;22,43.116605;5.882431666666667 
22:08:35,157.80719343503318;529.1603407255816;262.9375859165268,611.5962316629057,15;15;15,43.116605;5.882431666666667 
22:08:39,190.666987730662;1755.9480244096105;977.4752250798375,2018.7038366940253,5;5;5,43.116605;5.882431666666667 
22:08:42,27.344401617049915;671.0766441313424;304.83486798922854,737.5743185200996,2;2;2,43.116605;5.882431666666667 
22:08:46,240.54369502385467;2391.556815509795;373.4081703821879,2432.4553300595785,6;6;6,43.116605;5.882431666666667 
22:08:50,656.1041548951466;661.3651636473335;30.706883271527374,932.104851632685,45;45;45,43.116605;5.882431666666667 
22:08:54,174.76425139109287;1169.0543787034353;1497.8194169839173,1908.0601903042802,5;5;5,43.116605;5.882431666666667 
22:08:58,284.88568144798273;1461.411964499155;1181.5503655974187,1900.7751176608858,9;9;9,43.116605;5.882431666666667 
22:09:01,120.58795694986978;312.7089233970638;81.55935243923906,344.93514477913436,20;20;20,43.116605;5.882431666666667 
22:09:05,35.82137187004095;1882.6256083424882;1522.1610906854935,2421.2675890670216,1;1;1,43.116605;5.882431666666667 
22:09:09,1026.2496020253498;1043.7914936161037;252.1381153551996,1485.3493047150214,44;44;44,43.116605;5.882431666666667 
22:09:12,11.050113547642953;4.286493857701023;49.33240050955057,50.73622748138273,13;13;13,43.116605;5.882431666666667 
22:09:16,320.71391170819606;5146.821543738048;1572.250408074046,5391.1595006954,3;3;3,43.116605;5.882431666666667 
22:09:20,806.1495211251571;1769.4129147879275;919.9034040133167,2151.0279835799247,22;22;22,43.116605;5.882431666666667 
22:09:23,220.5359004211423;1153.0281913407662;1641.828152882251,2018.3433248577574,6;6;6,43.116605;5.882431666666667 
22:09:27,298.78327389717117;2095.553060102462;45.16062881472749,2117.2277994728024,8;8;8,43.116605;5.882431666666667 
22:09:31,1453.7985279178615;5031.37301498731;2095.077960710519,5640.708841730228,15;15;15,43.116605;5.882431666666667 
22:09:35,40.297406692505014;2775.406573184333;3506.5340346844955,4472.1679825182855,1;1;1,43.116605;5.882431666666667 
22:09:39,57.655368728637576;2977.318826837539;166.0110750611725,2982.500832393423,1;1;1,43.116605;5.882431666666667 
22:09:44,477.579635219574;763.4909577433265;380.1537088616644,977.5058019743732,29;29;29,43.116605;5.882431666666667 
22:09:48,782.922024081548;197.57525710423917;908.4773259862225,1215.456264060057,40;40;40,43.116605;5.882431666666667 
22:09:52,758.0310556761424;5472.048276179631;643.0538853772542,5561.604239579507,8;8;8,43.116605;5.882431666666667 
22:09:55,599.8273225911457;225.1678077475201;303.3522087319778,708.8835737377866,58;58;58,43.116605;5.882431666666667 
22:09:59,514.6305294005073;90.75271272023377;178.86930965423176,552.3358277292078,69;69;69,43.116605;5.882431666666667 
22:10:03,895.256220204035;5537.575829846068;1079.980101105381,5712.493920337506,9;9;9,43.116605;5.882431666666667 
22:10:06,188.479161265691;4203.151947307587;2087.245055643726,4696.658664273588,2;2;2,43.116605;5.882431666666667 
22:10:10,203.0513699118295;826.9628648281091;2208.6273388735567,2367.0936104530115,5;5;5,43.116605;5.882431666666667 
22:10:14,524.2628266525269;170.99899518648724;495.2162972927283,741.1689071114665,45;45;45,43.116605;5.882431666666667 
22:10:17,19.46847573916134;0.953939723968511;13.683111883828758,23.81510233924378,55;55;55,43.116605;5.882431666666667 
22:10:21,23.685138715108017;1.8523888365429286;3.634946791363447,24.033933896299644,80;80;80,43.116605;5.882431666666667 
22:10:25,1.2376276810965314;1.6379082711538429;16.096018244395438,16.22640653705069,4;4;4,43.116605;5.882431666666667 
22:10:29,8.967656895319635;13.99797434170974;22.013561983103003,27.585486529101782,19;19;19,43.116605;5.882431666666667 
22:10:32,55.63089664777132;17.0212774276729;88.59793122608295,105.9911032334627,32;32;32,43.116605;5.882431666666667 
22:10:36,56.74133236567189;118.82722114563052;82.89486805279545,155.5989923917073,21;21;21,43.116605;5.882431666666667 
22:10:40,13.852077678044722;217.53504297574307;118.24363449098385,247.98171722144025,3;3;3,43.116605;5.882431666666667 
22:10:43,34.06998841603591;17.56121978123948;32.87475805599627,50.496636205930685,42;42;42,43.116605;5.882431666666667 
22:10:47,78.07903117179883;113.36108417828919;28.393735313429147,140.54634367301404,34;34;34,43.116605;5.882431666666667 
22:10:51,18.806952832539483;22.002339162826512;3.7590213044040865,29.187919498456516,40;40;40,43.116605;5.882431666666667 
22:10:55,3.0332789262126902;3.995324020386104;2.6174110857706268,5.658112394075887,32;32;32,43.116605;5.882431666666667 
22:10:59,9.623568391800466;7.614060071308771;2.970929924645205,12.625902105525446,50;50;50,43.116605;5.882431666666667 
22:11:02,24.75816503206939;3.474709857305802;25.980205462710515,36.055671124419455,43;43;43,43.116605;5.882431666666667 
22:11:06,2.3430754788712065;8.668381687801151;3.1112151781229613,9.503183870139342,14;14;14,43.116605;5.882431666666667 
22:11:10,215.44510444323208;60.432393258412546;5.672512162524512,223.83217949555106,74;74;74,43.116605;5.882431666666667 
22:11:13,1019.2733722400665;481.2756840324405;128.0586143175828,1134.4353221314425,64;64;64,43.116605;5.882431666666667 
22:11:17,552.5187706724803;1158.9064552084603;1114.19660967508,1699.9338954443817,19;19;19,43.116605;5.882431666666667 
22:11:21,47.41953314145407;1132.9100390052795;899.7821342277472,1447.5295014878755,2;2;2,43.116605;5.882431666666667 
22:11:24,206.42507438659655;345.2588431549072;253.5571786308175,475.5062806603053,26;26;26,43.116605;5.882431666666667 
22:11:28,112.15525448799137;1065.3717300383253;303.53052687644146,1113.4300629226834,6;6;6,43.116605;5.882431666666667 
22:11:32,129.87359375317885;671.6109750747688;57.505731124855686,686.4658486097118,11;11;11,43.116605;5.882431666666667 
22:11:35,276.9393011983236;1746.831353400547;1050.722208630244,2057.214697954548,8;8;8,43.116605;5.882431666666667 
22:11:39,196.69052477200822;736.9789152971911;317.5827448495205,826.2468662293782,14;14;14,43.116605;5.882431666666667 
22:11:43,161.50698318799337;1285.487398188909;392.8068152395987,1353.8314336059914,7;7;7,43.116605;5.882431666666667 
22:11:47,260.5957574176791;260.7834279123945;1032.7021001974756,1096.5362615117247,14;14;14,43.116605;5.882431666666667 
22:11:50,6.181903505325173;106.66106046994595;639.9476581191816,648.80490356019,1;1;1,43.116605;5.882431666666667 
22:11:54,7.9538621298470416;464.6696509551993;1078.77053047498,1174.6178126790335,0;0;0,43.116605;5.882431666666667 
22:11:58,210.2695138231913;1450.8625134340925;1275.9529888693564,1943.5203449247392,6;6;6,43.116605;5.882431666666667 
22:12:02,228.6069786739349;633.2208243401847;1133.506718950299,1318.357783373679,10;10;10,43.116605;5.882431666666667 
22:12:05,308.2603221352895;724.0321451218919;552.4171417999071,961.4632972335135,19;19;19,43.116605;5.882431666666667 
22:12:09,258.07436379432687;847.407102441788;480.02558655104724,1007.53448489881,15;15;15,43.116605;5.882431666666667 
22:12:13,860.3557430871327;210.00889499664368;121.39038860004803,893.8967317790094,74;74;74,43.116605;5.882431666666667 
22:12:16,19.168577041626193;1.4034760252631395;31.607826344217216,36.99268545213282,31;31;31,43.116605;5.882431666666667 
22:12:20,3.912399848302481;881.9571781698877;1233.5288577334077,1516.3961269599213,0;0;0,43.116605;5.882431666666667 
22:12:24,10.606188656488907;3949.7094908396402;40.40277650513957,3949.9303712364185,0;0;0,43.116605;5.882431666666667 
22:12:27,191.0011783790588;3830.0536514631904;551.6221920299547,3874.2843811430052,3;3;3,43.116605;5.882431666666667 
22:12:31,92.00842161178603;1781.7399358876537;534.1283091703967,1862.3522221754026,3;3;3,43.116605;5.882431666666667 
22:12:35,184.126577466329;345.5207089614856;391.52491976737383,553.6956922801189,19;19;19,43.116605;5.882431666666667 
22:12:39,977.4958002503712;732.6275784778597;124.32952053387325,1227.8839676164962,53;53;53,43.116605;5.882431666666667 
22:12:43,309.49794981638576;1878.0385922972353;1750.4781465021856,2585.921823350438,7;7;7,43.116605;5.882431666666667 
22:12:46,823.9582664426168;3516.710015230178;1243.423020791992,3819.9813304118184,12;12;12,43.116605;5.882431666666667 
22:12:50,1010.8350583680472;1881.5257719548542;439.80861007051783,2180.678417201492,28;28;28,43.116605;5.882431666666667 
22:12:54,86.3926470406851;1795.777813590367;1109.5759251689844,2112.685584501561,2;2;2,43.116605;5.882431666666667 
22:12:57,623.6228190390269;527.5654532655111;35.99719605447049,817.6347143004699,50;50;50,43.116605;5.882431666666667 
22:13:01,319.96198274930333;1657.4609180450432;1190.039182160712,2065.3681561235803,9;9;9,43.116605;5.882431666666667 
22:13:05,89.92596495946256;2731.2902901458733;1075.8002240403464,2936.899632310284,2;2;2,43.116605;5.882431666666667 
22:13:09,1159.7107573286692;4539.647638292313;162.79885450046194,4688.265477502684,14;14;14,43.116605;5.882431666666667 
22:13:12,56.66900752385469;370.8755539385496;289.97897138595977,474.18124885851825,7;7;7,43.116605;5.882431666666667 
22:13:16,229.49358147621163;3180.538539053598;402.9597266547054,3214.1669595168214,4;4;4,43.116605;5.882431666666667 
22:13:20,365.77478212038653;128.0823069381712;166.48056304296688,421.79621437007165,60;60;60,43.116605;5.882431666666667 
22:13:23,34.51328981717426;3.7147535133355003;23.350948066747534,41.83579021944062,56;56;56,43.116605;5.882431666666667 
22:13:27,14.332788480123044;6.1214249738049675;8.96828038529307,17.981399344742428,53;53;53,43.116605;5.882431666666667 
22:13:31,69.46115217526749;17.31805867513103;11.452888097771563,72.49783075079576,73;73;73,43.116605;5.882431666666667 
22:13:35,12.028992872238103;33.43527558008952;28.635025949485637,45.635282772922544,15;15;15,43.116605;5.882431666666667 
22:13:38,41.03063095092765;47.06601430257174;40.43270402590338,74.38767326249298,33;33;33,43.116605;5.882431666666667 
22:13:42,68.03336003939306;1.8093680254611666;105.47829991022262,125.52881598602018,33;33;33,43.116605;5.882431666666667 
22:13:46,6.168186724980713;58.19406410217315;77.74172307331284,97.30555549715406,4;4;4,43.116605;5.882431666666667 
22:13:49,58.051908378601084;56.25126921335743;135.0105279922431,157.3596899566575,22;22;22,43.116605;5.882431666666667 
22:13:53,32.206376759211096;4.014028720855601;51.19351820628282,60.61468004423612,32;32;32,43.116605;5.882431666666667 
22:13:57,14.576573076247879;2.074351282121023;5.884498767896318,15.855810973841892,67;67;67,43.116605;5.882431666666667 
22:14:01,1.1035773277285195;3.43667696634814;6.963759985021412,7.843633381175441,8;8;8,43.116605;5.882431666666667 
22:14:04,0.8385940710700022;3.3425299739821;12.620061407064398,13.082113612145355,4;4;4,43.116605;5.882431666666667 
22:14:08,9.268802572885967;1.7320552635187725;4.297093187997092,10.3622259402771,63;63;63,43.116605;5.882431666666667 
22:14:12,1.4864001973467351;1.0056893952681834;5.274725532549596,5.5716717554211606,15;15;15,43.116605;5.882431666666667 
22:14:15,8.008729251226129;5.640714171726402;8.354766209885511,12.874762871929128,38;38;38,43.116605;5.882431666666667 
22:14:19,12.266542568206452;3.929857568740036;14.097109254247897,19.09555802835848,40;40;40,43.116605;5.882431666666667 
22:14:23,18.942250165939598;1.6391552511856866;0.9975840251250645,19.039192345625196,84;84;84,43.116605;5.882431666666667 
22:14:27,2.729639288584003;2.8898762226106656;0.12220404310703259,3.977090526495918,43;43;43,43.116605;5.882431666666667 
22:14:30,27.67734528541558;157.87577733675704;139.96976757685076,212.79645755334138,7;7;7,43.116605;5.882431666666667 
22:14:34,475.45602822621635;378.3312475458775;447.7849178409574,754.7875862069419,39;39;39,43.116605;5.882431666666667 
22:14:38,382.5641212622324;1437.1806485303248;658.4946156152274,1626.4866068251024,14;14;14,43.116605;5.882431666666667 
22:14:41,669.2217613347372;541.5073135058087;2115.041487522113,2283.5254389570523,17;17;17,43.116605;5.882431666666667 
22:14:45,283.4067631308237;1547.6462450758615;1200.7769272105015,1979.2406428241106,8;8;8,43.116605;5.882431666666667 
22:14:49,234.11863041241955;544.3990601984656;622.1644758923635,859.2266900612311,16;16;16,43.116605;5.882431666666667 
22:14:53,85.3869576454161;37.935003023146955;857.7358380412913,862.8098080403947,6;6;6,43.116605;5.882431666666667 
22:14:56,297.9496677462259;1083.6187888367976;2092.2847254403364,2375.0071697452113,7;7;7,43.116605;5.882431666666667 
22:15:00,224.66091036478676;1947.1680477841692;516.628191410696,2027.0275328958494,6;6;6,43.116605;5.882431666666667 
22:15:04,171.14239789009085;1221.4824071407322;1538.710386171333,1972.0392095040656,5;5;5,43.116605;5.882431666666667 
22:15:07,201.39226298014344;1346.4609807809184;402.177246685012,1419.5994343845425,8;8;8,43.116605;5.882431666666667 
22:15:11,14.140753555297675;474.53638045310845;144.24753257434375,496.17747625062077,2;2;2,43.116605;5.882431666666667 
22:15:15,47.02112302144382;264.8916036256152;794.4391316509094,838.7562706649643,3;3;3,43.116605;5.882431666666667 
22:15:18,30.28976845105475;769.4689800135296;1608.0343705431587,1782.91180884642,1;1;1,43.116605;5.882431666666667 
22:15:22,42.707819093068494;1108.7753639888765;232.07046571096691,1133.6063984715581,2;2;2,43.116605;5.882431666666667 
22:15:26,1031.8042745749153;943.2431292597456;657.3972731876232,1544.829711237231,42;42;42,43.116605;5.882431666666667 
22:15:29,210.96844613075254;701.90822540601;368.2593898328346,820.2425375189281,15;15;15,43.116605;5.882431666666667 
22:15:33,62.872733179727774;263.9987659231824;156.81023289997498,313.42906395003786,12;12;12,43.116605;5.882431666666667 
22:15:37,184.27808554013626;497.6510258038844;226.83190259931683,577.1201506885911,19;19;19,43.116605;5.882431666666667 
22:15:41,109.64570717493696;3575.0138135751085;1075.7721669896619,3734.9741235548563,2;2;2,43.116605;5.882431666666667 
22:15:44,529.7426804002125;3544.0556638272597;781.804106483472,3667.720752273556,8;8;8,43.116605;5.882431666666667 
22:15:48,39.33037367820743;338.54572615623806;549.8689381059077,646.9280764397542,3;3;3,43.116605;5.882431666666667 
22:15:52,342.8958159955343;2668.8826805178314;648.9658177057862,2767.9719896606302,7;7;7,43.116605;5.882431666666667 
22:15:55,114.6149225997922;4026.5290721797974;1928.4502540238684,4465.981788121888,1;1;1,43.116605;5.882431666666667 
22:15:59,24.266231409708578;281.44838099161734;111.75123295784672,303.7933166105388,5;5;5,43.116605;5.882431666666667 
22:16:03,351.9495145130156;808.1783576361346;2835.901938934321,2969.740817945032,7;7;7,43.116605;5.882431666666667 
22:16:07,312.0392951202395;4651.641408866243;362.8718126074482,4676.196346472556,4;4;4,43.116605;5.882431666666667 
22:16:10,568.2955620288851;495.90650074005146;158.98808352471505,770.817951270487,48;48;48,43.116605;5.882431666666667 
22:16:14,316.2360064156848;1770.6012867577879;333.58336912155016,1829.2927574821258,10;10;10,43.116605;5.882431666666667 
22:16:18,291.1710842959083;3329.784591083529;1448.0094231224073,3642.6607463224796,5;5;5,43.116605;5.882431666666667 
22:16:21,532.9050217596691;3024.110505533217;971.1125094699984,3220.604231808398,10;10;10,43.116605;5.882431666666667 
22:16:25,143.04669080416346;4783.5725196711255;2267.364462779362,5295.655768059091,2;2;2,43.116605;5.882431666666667 
22:16:29,734.1420357259113;2546.705447518033;906.1610605780146,2801.0357071529243,15;15;15,43.116605;5.882431666666667 
22:16:33,1456.23699736913;3577.4628823566454;403.4335790665793,3883.506858480444,22;22;22,43.116605;5.882431666666667 
22:16:36,389.1743624083186;86.1962476857503;719.6109774208015,822.6338409617889,28;28;28,43.116605;5.882431666666667 
22:16:40,10.55194502512595;17.488894939421684;4.396851590508177,20.893474912621976,30;30;30,43.116605;5.882431666666667 
22:16:44,24.332944841384652;15.393344996771974;26.182216227828903,38.91729334684389,39;39;39,43.116605;5.882431666666667 
22:16:47,7.617801011403732;11.562622340519745;19.43356029823562,23.861860646311506,19;19;19,43.116605;5.882431666666667 
22:16:51,101.42686178843172;144.4239802487693;131.89557187398117,220.32280009819928,27;27;27,43.116605;5.882431666666667 
22:16:55,41.35235179901128;35.25960736592626;48.29179567338748,72.70044319169367,35;35;35,43.116605;5.882431666666667 
22:16:58,0.9551867039997719;122.03008935610443;46.39077461560248,130.5540465069312,0;0;0,43.116605;5.882431666666667 
22:17:02,29.42124685923255;105.43590258916264;67.96664660770269,128.84798940084255,13;13;13,43.116605;5.882431666666667 
22:17:06,26.632376019159928;89.71273137410557;138.28198010442884,166.97174504876568,9;9;9,43.116605;5.882431666666667 
22:17:10,7.330372114181545;14.471203263600962;77.73985260327443,79.41432340584197,5;5;5,43.116605;5.882431666666667 
22:17:14,15.817318207422867;52.59824121157375;6.175045115135447,55.27109295101486,17;17;17,43.116605;5.882431666666667 
22:17:17,8.0816775830587;4.8501288318625875;11.251500822739402,14.677654206523728,33;33;33,43.116605;5.882431666666667 
22:17:21,10.601200736363793;1.1241524982467666;7.084717047966649,12.800093419258468,56;56;56,43.116605;5.882431666666667 
22:17:25,7.06601234753931;4.753487879436802;0.8435819912460119,8.557792244001087,56;56;56,43.116605;5.882431666666667 
22:17:29,2.904216492970833;4.837035541533085;2.721533918350616,6.26403489268945,28;28;28,43.116605;5.882431666666667 
22:17:32,3.1405192089081284;7.90647688865842;13.46613735839064,15.928342445071134,11;11;11,43.116605;5.882431666666667 
22:17:36,55.69573960940008;966.655802838007;467.86628426552215,1075.371710862554,3;3;3,43.116605;5.882431666666667 
22:17:40,58.357418486277496;1779.1555697727208;674.2421029408661,1903.523717510186,2;2;2,43.116605;5.882431666666667 
22:17:44,31.737512267430642;693.2198920377086;257.541279830912,740.1949737863949,2;2;2,43.116605;5.882431666666667 
22:17:47,636.6811939271289;981.8072337086999;413.511048189795,1241.0881410432648,31;31;31,43.116605;5.882431666666667 
22:17:51,73.49637955665595;1012.7585250663758;1088.4034512170294,1488.5239737819804,3;3;3,43.116605;5.882431666666667 
22:17:55,252.16804287592558;734.3334471607201;1587.594497359584,1767.2834015836993,8;8;8,43.116605;5.882431666666667 
22:17:59,25.069910039901597;628.7984096590675;294.5722223313734,694.8300040646095,2;2;2,43.116605;5.882431666666667 
22:18:02,499.8369817988077;488.7413534800206;84.4305239613874,704.1545514669479,45;45;45,43.116605;5.882431666666667 
22:18:06,362.64860318183884;232.76066915830003;26.533241106690753,431.7355109096126,57;57;57,43.116605;5.882431666666667 
22:18:10,555.4878301270801;181.73798721631294;407.84477092741156,712.694031537771,51;51;51,43.116605;5.882431666666667 
22:18:14,52.70361102422066;1034.9211011632292;186.5613059775093,1052.9218760838512,3;3;3,43.116605;5.882431666666667 
22:18:17,523.9479641946156;1628.9599424489338;1247.7774750614276,2117.7772759564655,14;14;14,43.116605;5.882431666666667 
22:18:21,122.97342974980643;760.205788850784;59.957917356488366,772.418447268319,9;9;9,43.116605;5.882431666666667 
22:18:25,1259.3563081423442;549.7454870827999;3585.5040330886877,3839.796554860826,19;19;19,43.116605;5.882431666666667 
22:18:28,556.8962940724693;1900.1724878533676;564.8832011731439,2059.0973743157765,16;16;16,43.116605;5.882431666666667 
22:18:32,332.1904924265543;1737.3493172423048;2911.940287284869,3407.0705026596656,6;6;6,43.116605;5.882431666666667 
22:18:36,336.18581644693984;943.8934293460845;953.7252434031255,1383.3103589025707,14;14;14,43.116605;5.882431666666667 
22:18:40,316.556480283736;442.77642254511574;50.58374497094498,546.6421871999671,35;35;35,43.116605;5.882431666666667 
22:18:43,456.10227464993756;496.5605417664845;112.97140291848251,683.6403984973692,42;42;42,43.116605;5.882431666666667 
22:18:47,273.77010144869473;5528.517143408453;733.3608027362964,5583.660980073774,3;3;3,43.116605;5.882431666666667 
22:18:51,363.44043550173444;3756.566000766754;2332.9811755180126,4436.967233775321,5;5;5,43.116605;5.882431666666667 
22:18:54,203.88435257275896;2349.202515255609;515.4067744700121,2413.703674869157,5;5;5,43.116605;5.882431666666667 
22:18:58,606.4974187787374;629.2417110602055;246.45438037235579,908.0330453942565,42;42;42,43.116605;5.882431666666667 
22:19:02,423.47379515012125;2685.815422363282;59.47595957438523,2719.6455518965327,9;9;9,43.116605;5.882431666666667 
22:19:06,178.31752099037203;2742.166449979146;2712.7688957405203,3861.3972936465143,3;3;3,43.116605;5.882431666666667 
22:19:09,177.2351423231761;5147.768625071846;1640.5225647894445,5405.760667892331,2;2;2,43.116605;5.882431666666667 
22:19:13,650.0432084528603;3819.5709138298043;931.2658860588012,3984.8380505570385,9;9;9,43.116605;5.882431666666667 
22:19:17,316.68803667704253;1230.5685271390287;183.75310694693425,1283.8829451597717,14;14;14,43.116605;5.882431666666667 
22:19:20,1156.1736984697977;4476.986891717909;1060.923128776551,4744.018036940874,14;14;14,43.116605;5.882431666666667 
22:19:24,170.35929443041465;4698.945596354804;1283.5184167194154,4874.067247459656,2;2;2,43.116605;5.882431666666667 
22:19:28,877.5802782599131;2896.638595320383;644.2809137280996,3094.4725224963145,16;16;16,43.116605;5.882431666666667 
22:19:32,712.9733027140296;2935.051191695526;309.95933242799543,3036.269292407294,14;14;14,43.116605;5.882431666666667 
22:19:35,348.02776231447837;3737.0096129353833;1737.9092112763653,4136.023766512026,5;5;5,43.116605;5.882431666666667 
22:19:39,111.27426309585579;900.606388028464;1150.3415728632654,1465.1824330242066,4;4;4,43.116605;5.882431666666667 
22:19:43,1149.1856223742172;59.44166762351985;403.3338206641108,1219.3601098170266,71;71;71,43.116605;5.882431666666667 
22:19:47,51.84880621274313;1.008183355330483;24.7045448906853,57.44240313235895,65;65;65,43.116605;5.882431666666667 
22:19:50,39.489363632202135;1.885433807371495;9.01691260660975,40.549592028447165,77;77;77,43.116605;5.882431666666667 
22:19:54,34.95222678820291;12.127504294714042;9.370431445404392,38.16463681663039,66;66;66,43.116605;5.882431666666667 
22:19:58,41.63603975613911;68.06952246030251;3.2596058018636853,79.86015730345119,31;31;31,43.116605;5.882431666666667 
22:20:02,23.144572871526083;46.13264974912023;135.6689334487928,145.15492457858036,9;9;9,43.116605;5.882431666666667 
22:20:05,30.334659732182814;36.93180758794179;38.38703328450954,61.30019834524283,30;30;30,43.116605;5.882431666666667 
22:20:09,42.5737687397003;10.931026954649925;53.830257482527344,69.49611324110117,38;38;38,43.116605;5.882431666666667 
22:20:13,3.040137316385947;91.84132628758739;78.55038962363281,120.88935171962042,1;1;1,43.116605;5.882431666666667 
22:20:17,65.93406915664671;101.61827322324125;30.544152377443012,124.92605882234194,32;32;32,43.116605;5.882431666666667 
22:20:20,12.784662771224937;69.19492193857867;31.169512863131743,76.96053115971118,10;10;10,43.116605;5.882431666666667 
22:20:24,8.314239358901867;7.67453860282985;7.318525803910347,13.475382696826836,38;38;38,43.116605;5.882431666666667 
22:20:28,2.7495909690855407;2.4540567016582138;5.901332998327291,6.95761280536485,23;23;23,43.116605;5.882431666666667 
22:20:31,0.9171538130444378;2.5513211441034467;4.828930171262513,5.5379578633338005,10;10;10,43.116605;5.882431666666667 
22:20:35,3.5133662382759896;1.7912868150093408;2.801340640431249,4.837350531191186,47;47;47,43.116605;5.882431666666667 
22:20:39,131.5320771948496;20.08323689460745;40.273090581891324,139.01778864725915,71;71;71,43.116605;5.882431666666667 
22:20:43,630.0316729100543;1499.3376151720684;1144.0773686758537,1988.433106407146,18;18;18,43.116605;5.882431666666667 
22:20:46,121.7520128091176;463.1495822970067;97.90726064999156,488.7912845918477,14;14;14,43.116605;5.882431666666667 
22:20:50,360.14778472900383;1127.3616013558715;367.03423195199923,1239.0983554510424,17;17;17,43.116605;5.882431666666667 
22:20:54,460.3077148056031;1290.5114807351429;2281.048821643186,2660.9184130556378,10;10;10,43.116605;5.882431666666667 
22:20:58,434.26391336123163;779.3070289707172;421.70869491578424,986.784077302908,26;26;26,43.116605;5.882431666666667 
22:21:01,560.7432274691263;423.6708179950721;970.8768302440642,1198.5540240964808,28;28;28,43.116605;5.882431666666667 
22:21:05,100.46668716430669;355.4896908219646;452.4068493270796,584.0705717877948,10;10;10,43.116605;5.882431666666667 
22:21:09,1.2538384215037228;1057.9615512021387;395.7328538831124,1129.5524368418207,0;0;0,43.116605;5.882431666666667 
22:21:12,352.51439646720866;2490.9510998471574;550.9076724719968,2575.3840577931123,8;8;8,43.116605;5.882431666666667 
22:21:16,505.4303107293444;4.419297231038621;1273.667274471917,1370.2947329872866,22;22;22,43.116605;5.882431666666667 
22:21:20,29.209260253906056;314.1473148632051;23.007405068046438,316.34009706059607,5;5;5,43.116605;5.882431666666667 
22:21:23,27.875615110397135;2086.797389812469;16.83048948290633,2087.0514275939995,1;1;1,43.116605;5.882431666666667 
22:21:27,159.94638767878234;702.4568966197975;253.0390584278166,763.5818905855771,12;12;12,43.116605;5.882431666666667 
22:21:31,9.645390542348183;142.8496679592139;127.44510014215571,191.68024088313373,3;3;3,43.116605;5.882431666666667 
22:21:34,325.32960829416925;456.1558947912844;684.8139996465133,884.8094532143798,22;22;22,43.116605;5.882431666666667 
22:21:38,368.43334354718513;2107.747277828853;914.4085865052567,2326.9045487313915,9;9;9,43.116605;5.882431666666667 
22:21:42,457.87360978444434;309.4892209561664;512.0299525451593,753.3966370567965,37;37;37,43.116605;5.882431666666667 
22:21:46,307.5002878061928;18.96282533645588;27.052608289730884,309.2698811085715,84;84;84,43.116605;5.882431666666667 
22:21:49,414.8902081044512;1384.329893862406;877.2267594210401,1690.5708879743536,14;14;14,43.116605;5.882431666666667 
22:21:53,726.4874488035836;3214.2338099702206;621.7386322116507,3353.452239887909,13;13;13,43.116605;5.882431666666667 
22:21:57,605.8558475526173;3926.5780112584434;816.9234285958548,4056.1607555298915,9;9;9,43.116605;5.882431666666667 
22:22:01,960.624160426458;3440.2102842680606;472.1041459019908,3602.877725118716,15;15;15,43.116605;5.882431666666667 
22:22:04,589.007900349299;3417.3375530433627;861.9381607469147,3573.2427360964525,9;9;9,43.116605;5.882431666666667 
22:22:08,765.2940908686317;52.52404589971205;847.446382312782,1143.0656988166263,42;42;42,43.116605;5.882431666666667 
22:22:12,606.5822134208679;4925.970780858992;1100.3096165561672,5083.680887683754,7;7;7,43.116605;5.882431666666667 
22:22:15,666.2570663102463;4603.342131312686;426.12986261685217,4670.786220342419,8;8;8,43.116605;5.882431666666667 
22:22:19,131.91739402453098;2717.4818567689267;1585.4247521050536,3148.917510082137,2;2;2,43.116605;5.882431666666667 
22:22:23,1150.5186440277098;1408.8866716194134;1487.9314888254687,2350.0201954792997,29;29;29,43.116605;5.882431666666667 
22:22:27,465.19774699846926;1894.5972401332856;357.9848978646467,1983.4467054176869,14;14;14,43.116605;5.882431666666667 
22:22:30,69.0976574961346;502.7499271519982;378.060029389065,632.8201650899356,6;6;6,43.116605;5.882431666666667 
22:22:34,337.37044747670484;2690.959214992523;135.23186694780875,2715.394625726065,7;7;7,43.116605;5.882431666666667 
22:22:38,156.49412346204133;3470.099148639044;385.9870814482314,3495.005656520243,3;3;3,43.116605;5.882431666666667 
22:22:42,441.3835458501181;5797.705216732025;567.7331740347711,5842.1337002475875,4;4;4,43.116605;5.882431666666667 
22:22:45,541.0266027037303;3605.545496152244;1870.8921497376778,4097.914780178688,8;8;8,43.116605;5.882431666666667 
22:22:49,819.7054410457612;760.8423721567792;557.3289961433475,1249.565418572126,41;41;41,43.116605;5.882431666666667 
22:22:53,73.74826952298481;2.058140541711051;13.19367222156309,74.94742281636034,80;80;80,43.116605;5.882431666666667 
22:22:56,27.88995538075779;8.273089017867608;22.53230567610842,36.79671740957079,49;49;49,43.116605;5.882431666666667 
22:23:00,18.97591862678531;95.87780064900686;45.21175499594321,107.68816524964232,10;10;10,43.116605;5.882431666666667 
22:23:04,39.07598975181577;11.552023010253876;55.19071269670661,68.60318490189692,35;35;35,43.116605;5.882431666666667 
22:23:07,13.327099084854192;109.39755814870227;216.51937774020524,242.95283129842693,3;3;3,43.116605;5.882431666666667 
22:23:11,8.440184342066361;29.34019315719616;80.53121740342029,86.12410012712229,6;6;6,43.116605;5.882431666666667 
22:23:15,30.61335976918541;37.21736601511555;104.11535073598266,114.72713884838818,15;15;15,43.116605;5.882431666666667 
22:23:19,89.9191065692902;184.69582385063146;143.6988613605621,250.6937490852233,21;21;21,43.116605;5.882431666666667 
22:23:23,25.207077843348223;85.64882345199537;26.248929659532294,93.05978745077147,16;16;16,43.116605;5.882431666666667 
22:23:26,3.0675708770753345;0.5093913428007024;14.599642206768237,14.927123741419496,12;12;12,43.116605;5.882431666666667 
22:23:30,4.837659031550225;11.299509553907738;9.351726745009614,15.44463188870877,18;18;18,43.116605;5.882431666666667 
22:23:34,3.768373654683365;12.57142918586579;3.5570105393336604,13.597565802505999,16;16;16,43.116605;5.882431666666667 
22:23:38,4.763463719685734;2.1342063236246545;10.564414825401158,11.783559896895229,24;24;24,43.116605;5.882431666666667 
22:23:41,0.9975840250652026;0.8841088422128496;2.740862108900899,3.0478102683652932,19;19;19,43.116605;5.882431666666667 
22:23:45,535.0685321140289;645.0166319465633;62.768610347097464,840.4074535552714,40;40;40,43.116605;5.882431666666667 
22:23:49,1409.1865703169503;1560.8006374263757;352.5667696285151,2132.184032113203,41;41;41,43.116605;5.882431666666667 
22:23:52,152.26374370574956;1531.7566020266217;400.2431806564513,1590.4895910258026,5;5;5,43.116605;5.882431666666667 
22:23:56,285.04093046188336;1558.5392391395567;904.315530131651,1824.3024612200613,9;9;9,43.116605;5.882431666666667 
22:24:00,682.5856463305157;1484.0633567682899;613.4387331231466,1744.899507356955,23;23;23,43.116605;5.882431666666667 
22:24:03,831.0747814814251;1430.3054241275795;572.484791444154,1750.4849999751584,28;28;28,43.116605;5.882431666666667 
22:24:07,313.5063671271007;260.9498997465771;343.2181603336364,533.0851695459055,36;36;36,43.116605;5.882431666666667 
22:24:11,257.6079932626087;1767.0922849496205;2530.6792601553434,3097.307627521305,5;5;5,43.116605;5.882431666666667 
22:24:15,360.02869813601177;1597.2772973028814;33.12602453231683,1637.6851838683845,13;13;13,43.116605;5.882431666666667 
22:24:18,1523.9922808615363;819.757190717062;1106.0463481902952,2053.7509216560234,48;48;48,43.116605;5.882431666666667 
22:24:22,189.15315397262574;485.3452033646907;293.0764697837791,597.6894672217566,18;18;18,43.116605;5.882431666666667 
22:24:26,157.8396149158477;1446.5373631954187;645.0983091386355,1591.7083638690424,6;6;6,43.116605;5.882431666666667 
22:24:30,338.3599261315663;995.1586489041655;1251.8656990941342,1634.6240866538606,12;12;12,43.116605;5.882431666666667 
22:24:33,74.86494014104184;1202.7907999610898;1467.4523357709058,1898.875147420927,2;2;2,43.116605;5.882431666666667 
22:24:37,467.0968975861866;2081.233988402684;1387.2615439160593,2544.446701631919,11;11;11,43.116605;5.882431666666667 
22:24:41,221.33833207130405;2013.256742464701;726.3733501307162,2151.699703049616,6;6;6,43.116605;5.882431666666667 
22:24:44,461.36515387217173;1838.0903400135037;112.59045051892791,1898.4495023061597,14;14;14,43.116605;5.882431666666667 
22:24:48,146.9609611225127;133.52849222501135;156.6674536863868,252.92701195110374,36;36;36,43.116605;5.882431666666667 
22:24:52,1006.8440987777705;1289.1878114318843;1041.3174852339607,1939.093179154146,31;31;31,43.116605;5.882431666666667 
22:24:56,299.71227402051306;4653.443918501537;2001.026985807405,5074.295689824053,3;3;3,43.116605;5.882431666666667 
22:24:59,252.601991926829;5266.739248921075;2019.4903956413261,5646.298924121773,3;3;3,43.116605;5.882431666666667 
22:25:03,331.4048950068153;4150.864204123815;2457.0974624665505,4834.959233082578,4;4;4,43.116605;5.882431666666667 
22:25:07,115.5707327938081;2139.4966364065817;457.4945278549123,2190.913894814391,3;3;3,43.116605;5.882431666666667 
22:25:10,1952.9122612984972;4690.304024737677;355.888100941975,5093.08104050903,23;23;23,43.116605;5.882431666666667 
22:25:14,263.59723835309353;3423.7750874551134;1490.6499052937666,3743.495224211988,4;4;4,43.116605;5.882431666666667 
22:25:18,412.0321298726399;2080.605510466894;647.17078995068,2217.5481500066635,11;11;11,43.116605;5.882431666666667 
22:25:22,133.08394384384152;4065.266506853103;2545.2533392715663,4798.168157633048,2;2;2,43.116605;5.882431666666667 
22:25:25,893.0110326576229;4759.91793196678;292.16866832095786,4851.767714375409,11;11;11,43.116605;5.882431666666667 
22:25:29,249.27255524317408;2723.692440814972;157.25041685104378,2739.592125216801,5;5;5,43.116605;5.882431666666667 
22:25:33,379.01583958307907;4703.352423785527;2106.269606491729,5167.354128005442,4;4;4,43.116605;5.882431666666667 
22:25:37,1582.6402456951132;5795.0691009457905;2505.7003796577283,6508.925443162444,14;14;14,43.116605;5.882431666666667 
22:25:40,766.4918151887259;3859.456193621955;142.72185250599455,3937.4206456030224,11;11;11,43.116605;5.882431666666667 
22:25:44,1323.6979837989804;7333.224581003189;3733.93830111823,8334.905778969583,9;9;9,43.116605;5.882431666666667 
22:25:48,758.8902249177297;4042.651900494893;80.61164761543793,4114.054812442577,11;11;11,43.116605;5.882431666666667 
22:25:52,54.325932044982764;430.84781156539935;101.32024499572267,445.9225668983834,7;7;7,43.116605;5.882431666666667 
22:25:55,84.82581663131715;19.630583143233014;14.635804627681992,88.28921643560386,74;74;74,43.116605;5.882431666666667 
22:25:59,16.766893501281686;4.779050970078524;7.035461336807103,18.800685149207677,63;63;63,43.116605;5.882431666666667 
22:26:03,3.576962219874127;158.42507204055894;52.796511036586224,167.0292479999089,1;1;1,43.116605;5.882431666666667 
22:26:06,54.1968696117401;126.12828922907582;57.41220762253718,148.80123522222078,21;21;21,43.116605;5.882431666666667 
22:26:10,83.01270766576128;105.49513414065042;85.5646522998672,159.19058604249227,31;31;31,43.116605;5.882431666666667 
22:26:14,3.9809837500254868;88.38469764073653;35.427949670166825,95.3039486406217,2;2;2,43.116605;5.882431666666667 
22:26:18,4.6861509577433225;95.1651515611019;122.04630009652462,154.8343161243566,2;2;2,43.116605;5.882431666666667 
22:26:21,10.63736315727229;34.95721470832858;25.92658532143055,44.80343939401635,14;14;14,43.116605;5.882431666666667 
22:26:25,5.643208131790145;56.221965182621794;20.91372559546123,60.250635559277626,5;5;5,43.116605;5.882431666666667 
22:26:29,4.871950982411915;6.0914974530565935;8.38469373063866,11.451870439025697,25;25;25,43.116605;5.882431666666667 
22:26:33,4.359442189534699;9.828073116938562;6.4998834133351835,12.56360783305239,20;20;20,43.116605;5.882431666666667 
22:26:36,2.5270050334933942;1.9602526092510897;7.552958049718228,8.202165569663906,18;18;18,43.116605;5.882431666666667 
22:26:40,5.01784764607717;1.7077391529095043;2.051905641502927,5.6837914084925565,62;62;62,43.116605;5.882431666666667 
22:26:44,503.30171581586194;783.9632524077093;222.42507516862452,957.80160384739,32;32;32,43.116605;5.882431666666667 
22:26:47,539.4161279932658;2265.8905323823283;645.5048246288211,2417.003546232029,13;13;13,43.116605;5.882431666666667 
22:26:51,56.47260816891976;1200.2862405681617;214.65327212333918,1220.635998979183,3;3;3,43.116605;5.882431666666667 
22:26:55,235.6761084715524;1220.404392903645;891.9037143898051,1529.8438959793057,9;9;9,43.116605;5.882431666666667 
22:26:59,44.85885964711511;1067.3263712374371;27.39802175840289,1068.6199285171454,2;2;2,43.116605;5.882431666666667 
22:27:02,221.1232280158995;560.369133459727;90.31065829913665,609.1511000605681,21;21;21,43.116605;5.882431666666667 
22:27:06,227.33381206194565;219.14925862630164;173.79347743669982,360.43200809946717,39;39;39,43.116605;5.882431666666667 
22:27:10,394.98965378443404;1202.8487845325465;3401.242781778962,3629.2305638594617,6;6;6,43.116605;5.882431666666667 
22:27:13,88.4040258312227;627.830753154754;38.62707694053391,635.1997933430104,8;8;8,43.116605;5.882431666666667 
22:27:17,30.33029530207297;2115.780946680704;728.9090840244405,2238.0253336196965,1;1;1,43.116605;5.882431666666667 
22:27:21,296.645950123469;62.22430356343644;280.5455674489501,413.00907870634484,46;46;46,43.116605;5.882431666666667 
22:27:24,168.2182297166188;1216.4040809631347;1796.8826378981414,2176.401496822805,4;4;4,43.116605;5.882431666666667 
22:27:28,347.3344414170584;885.5185531393688;167.75871757507588,965.8816229077843,21;21;21,43.116605;5.882431666666667 
22:27:32,233.60300416946433;1808.4128387578319;1918.9102332941568,2647.1010261004762,5;5;5,43.116605;5.882431666666667 
22:27:36,253.0639980284373;320.17958076477044;71.89089276631044,414.39673200880605,38;38;38,43.116605;5.882431666666667 
22:27:39,206.5260797691346;826.4933768463133;1527.8417082182507,1749.2983190316313,7;7;7,43.116605;5.882431666666667 
22:27:43,21.756684096654197;455.8503846836091;1129.980882911667,1218.6589852230634,1;1;1,43.116605;5.882431666666667 
22:27:47,305.6503929297137;116.26280671119676;100.25283008894625,342.03776525889157,63;63;63,43.116605;5.882431666666667 
22:27:51,1630.5648057492572;3674.507232824963;1200.7245540491701,4195.531485345767,23;23;23,43.116605;5.882431666666667 
22:27:54,186.8138194338481;3677.203827142716;1447.047378028243,3956.093212216177,3;3;3,43.116605;5.882431666666667 
22:27:58,223.47191490491252;3683.5347447617837;294.5348129304115,3702.0424995732396,3;3;3,43.116605;5.882431666666667 
22:28:02,441.7551458994546;2322.5801150767;521.9976874255963,2421.1583148476716,11;11;11,43.116605;5.882431666666667 
22:28:05,2086.74127571106;3891.887650276817;720.1777298450445,4474.364155575426,28;28;28,43.116605;5.882431666666667 
22:28:09,132.14808533032746;4662.868593578338;3820.6065307458202,6029.6634151678245,1;1;1,43.116605;5.882431666666667 
22:28:13,1156.0496239566808;3912.6105879275;987.23222033499,4197.570702523106,16;16;16,43.116605;5.882431666666667 
22:28:17,400.3585263093312;1970.8837375100445;1110.0335668404905,2297.1382578945404,10;10;10,43.116605;5.882431666666667 
22:28:20,21.73735590616873;2235.1487336699156;1509.4923970572172,2697.2077545197667,0;0;0,43.116605;5.882431666666667 
22:28:24,488.72638971964517;721.5250917688993;924.2210723717897,1270.289940398088,23;23;23,43.116605;5.882431666666667 
22:28:28,754.595625689824;3606.5848540083584;1957.6800894482656,4172.454936856105,10;10;10,43.116605;5.882431666666667 
22:28:32,124.89814342816675;4556.9850251579255;164.7098513984755,4561.670900108105,2;2;2,43.116605;5.882431666666667 
22:28:35,789.5996021493276;2076.9356482346857;3501.0784970474197,4146.646821361837,11;11;11,43.116605;5.882431666666667 
22:28:39,277.36078044891343;526.867767937977;670.9376058578389,897.0373004381842,18;18;18,43.116605;5.882431666666667 
22:28:43,330.55071368535334;3567.7563897927594;1095.7768441422982,3746.8488524870354,5;5;5,43.116605;5.882431666666667 
22:28:47,453.78102132161456;3808.5700559933953;540.0545817692812,3873.342489118567,7;7;7,43.116605;5.882431666666667 
22:28:50,336.83486955325003;447.06478687286267;867.4186379845885,1032.3467181774113,19;19;19,43.116605;5.882431666666667 
22:28:54,3.444158846537107;17.477672119141697;13.358897075658405,22.266373389989614,9;9;9,43.116605;5.882431666666667 
22:28:58,13.466137358347389;0.9539397239675118;20.21416979794033,24.307602040736256,34;34;34,43.116605;5.882431666666667 
22:29:02,26.058765204747292;122.99587539037182;29.266621335318987,129.08748867115267,12;12;12,43.116605;5.882431666666667 
22:29:05,54.00919911702491;92.05081893285156;5.477359787608549,106.866029802337,30;30;30,43.116605;5.882431666666667 
22:29:09,49.34674077987671;6.623334436415885;27.321955976480794,56.793121617267296,60;60;60,43.116605;5.882431666666667 
22:29:13,18.18782724698382;78.30473455747017;10.184085915891927,81.0317476056407,13;13;13,43.116605;5.882431666666667 
22:29:17,3.76525620460514;54.8072663370775;0.48320476213881136,54.93857555918081,4;4;4,43.116605;5.882431666666667 
22:29:20,16.370353851318406;70.39514021873394;40.712651042932535,82.95169803310951,11;11;11,43.116605;5.882431666666667 
22:29:24,13.978646151224856;10.167251685461009;126.70938192367309,127.88292701739321,6;6;6,43.116605;5.882431666666667 
22:29:28,12.664329198201235;0.49068664232865267;16.167719596266394,20.54315371029649,38;38;38,43.116605;5.882431666666667 
22:29:31,3.035149396260914;3.813264935811911;15.327255055080258,16.083465697784135,11;11;11,43.116605;5.882431666666667 
22:29:35,6.456862602233632;0.43394905090238245;1.1054477977499033,6.565165746304694,80;80;80,43.116605;5.882431666666667 
22:29:39,533.7828957017264;363.8631617323561;691.3799730014887,946.2171248065246,34;34;34,43.116605;5.882431666666667 
22:29:42,84.39124409039808;509.59834148407026;198.0179350153506,553.1938668407159,9;9;9,43.116605;5.882431666666667 
22:29:46,82.25392031669615;1237.0384830315904;616.574887901967,1384.6279313591385,3;3;3,43.116605;5.882431666666667 
22:29:50,436.7266989231109;948.154983603159;220.59824942270723,1066.9543899024677,24;24;24,43.116605;5.882431666666667 
22:29:54,147.10997523625687;12.23412108739158;162.1847168350339,219.30549675658656,42;42;42,43.116605;5.882431666666667 
22:29:57,103.0367130088806;206.83221336682612;377.6229628880845,442.71348614456093,13;13;13,43.116605;5.882431666666667 
22:30:01,187.9329840119679;1137.331830196381;746.5401346874216,1373.3771044970154,8;8;8,43.116605;5.882431666666667 
22:30:05,877.9930286502838;1611.6107092730206;499.5626461919152,1902.031459800877,28;28;28,43.116605;5.882431666666667 
22:30:09,235.12057886759442;761.767631340027;775.5872875372755,1112.253231667077,12;12;12,43.116605;5.882431666666667 
22:30:12,132.87632166862474;2236.1818566258744;922.2651841926535,2422.5479319792285,3;3;3,43.116605;5.882431666666667 
22:30:16,63.22251107851656;231.2511998303731;198.03913367589666,310.956109116962,12;12;12,43.116605;5.882431666666667 
22:30:20,269.4200116093953;1717.6058824062347;1119.905907748544,2068.0779366702304,7;7;7,43.116605;5.882431666666667 
22:30:24,99.41735346794134;35.247137565612206;11.133037719703864,106.0665612057218,70;70;70,43.116605;5.882431666666667 
22:30:27,590.6395737202962;2539.636317720412;2392.832476081842,3538.9624172800914,10;10;10,43.116605;5.882431666666667 
22:30:31,177.81436454772964;3103.263186511994;617.8312202835255,3169.1601047844074,3;3;3,43.116605;5.882431666666667 
22:30:35,210.99962063153578;1194.5650961844126;2312.6953043683534,2611.5256421823924,5;5;5,43.116605;5.882431666666667 
22:30:39,257.37480799674984;2357.8496982828783;284.2646853923707,2388.82887684431,6;6;6,43.116605;5.882431666666667 
22:30:42,56.05050542831458;105.59302207310984;0.04738524119218823,119.54726142686359,28;28;28,43.116605;5.882431666666667 
22:30:46,244.2372498766588;935.8341974035898;1035.4255045859197,1416.878066314932,10;10;10,43.116605;5.882431666666667 
22:30:50,460.5851678625741;2926.170823402404;136.0947771295091,2965.32227134732,9;9;9,43.116605;5.882431666666667 
22:30:53,1632.4415106964111;2713.814488496782;153.69652376176646,3170.6903010600518,31;31;31,43.116605;5.882431666666667 
22:30:57,413.98427711168915;32.32234590212407;1141.3184253565519,1214.5103802762098,20;20;20,43.116605;5.882431666666667 
22:31:01,650.8936488342285;1748.6332395458207;211.49716566403674,1877.794397590207,20;20;20,43.116605;5.882431666666667 
22:31:05,644.0234123516079;4957.608534723916;2129.979684807446,5434.1017654177995,7;7;7,43.116605;5.882431666666667 
22:31:08,543.8634822750091;2107.9592644341806;5.19554230054986,2176.994887804284,14;14;14,43.116605;5.882431666666667 
22:31:12,617.6260920683543;530.1666536108647;615.9158589553879,1020.730628284134,37;37;37,43.116605;5.882431666666667 
22:31:16,517.4356109809878;3753.16610971133;119.69761320748518,3790.55708006152,8;8;8,43.116605;5.882431666666667 
22:31:19,153.32928814252205;3673.665521303813;888.7862643114754,3782.759476446719,2;2;2,43.116605;5.882431666666667 
22:31:23,537.5986545976001;3435.1880721918747;2082.6293590577525,4053.0080745001956,8;8;8,43.116605;5.882431666666667 
22:31:27,244.75038215955095;5317.923414777119;905.1266906420334,5399.950603580979,3;3;3,43.116605;5.882431666666667 
22:31:31,391.1495787779487;3831.714628864924;1827.5558527088283,4263.214208177432,5;5;5,43.116605;5.882431666666667 
22:31:34,94.73681392033905;2213.1919092782337;1107.1779825687588,2476.4968355100796,2;2;2,43.116605;5.882431666666667 
22:31:38,1178.4728188800816;123.13990158399035;1045.2984689839618,1580.0666155138824,48;48;48,43.116605;5.882431666666667 
22:31:42,63.16327952702841;6452.403401641843;2781.840990146015,7026.815676524921,1;1;1,43.116605;5.882431666666667 
22:31:46,285.7810131104786;190.1476205476123;103.08846268020133,358.4049890726098,53;53;53,43.116605;5.882431666666667 
22:31:49,24.041775004068885;25.80313429832359;21.855819009102717,41.49078824898667,35;35;35,43.116605;5.882431666666667 
22:31:53,1.5830411497748595;0.885979312260976;24.383447532683178,24.45083827198463,4;4;4,43.116605;5.882431666666667 
22:31:57,8.59356288591992;127.53363572438559;31.491857201215723,131.64503269829936,4;4;4,43.116605;5.882431666666667 
22:32:01,42.25329487164824;48.54493261973042;45.28657379786871,78.69450537943821,32;32;32,43.116605;5.882431666666667 
22:32:04,11.664874703089357;8.298028618495879;67.07380890527581,68.58441821473451,10;10;10,43.116605;5.882431666666667 
22:32:08,8.924636084238449;32.97326947848006;157.48671956700554,161.14885190193942,3;3;3,43.116605;5.882431666666667 
22:32:12,84.78466629028304;130.15977567036867;65.68280268033355,168.6541947550045,30;30;30,43.116605;5.882431666666667 
22:32:16,23.364041357040165;7.81607083638608;9.160938800167884,26.284828162902446,63;63;63,43.116605;5.882431666666667 
22:32:19,20.017146952947247;6.307224998473082;32.05424519542355,38.31372984147566,32;32;32,43.116605;5.882431666666667 
22:32:23,0.9651625442504974;0.9458343537650515;14.976230176310779,15.037074571053633,4;4;4,43.116605;5.882431666666667 
22:32:27,0.26872419675168235;16.62224381764815;0.7182604980133789,16.639924890764036,1;1;1,43.116605;5.882431666666667 
22:32:31,83.12992378870649;15.804848407108828;83.00148484548941,118.5311096246207,45;45;45,43.116605;5.882431666666667 
22:32:34,41.854884751637954;94.11207692464268;301.8346340338116,318.92485118436247,8;8;8,43.116605;5.882431666666667 
22:32:38,13.117606439590396;2206.700131235123;701.9163307762284,2315.682205355946,0;0;0,43.116605;5.882431666666667 
22:32:42,124.64188903172807;198.7299606132511;536.5131584803482,585.5557761386196,12;12;12,43.116605;5.882431666666667 
22:32:46,376.5605359013875;27.934846661885338;1494.4401010989984,1541.405011224872,14;14;14,43.116605;5.882431666666667 
22:32:49,537.895435845057;1409.96780330658;318.6065154552384,1542.352365043298,20;20;20,43.116605;5.882431666666667 
22:32:53,817.594303852717;1249.9135518550875;1076.8508047167434,1841.2908484056795,26;26;26,43.116605;5.882431666666667 
22:32:57,86.34713226954138;1146.1323917675013;2.667913777012032,1149.3834888642643,4;4;4,43.116605;5.882431666666667 
22:33:00,18.548204476038478;1047.4114766470607;217.40099262237678,1069.8962701563435,1;1;1,43.116605;5.882431666666667 
22:33:04,258.5108068052928;808.9346510251379;486.8858471934061,978.9080319731399,15;15;15,43.116605;5.882431666666667 
22:33:08,138.8936238098146;472.0025170294445;885.6656967830592,1013.154253445829,8;8;8,43.116605;5.882431666666667 
22:33:12,76.573302783966;1739.1000772062948;542.1657189623339,1823.2597774470128,2;2;2,43.116605;5.882431666666667 
22:33:15,722.9859288756048;966.1981611665094;1291.3818727970074,1767.4599518468222,24;24;24,43.116605;5.882431666666667 
22:33:19,123.96789632479344;512.8835103766125;52.61195799192109,530.2693208730591,14;14;14,43.116605;5.882431666666667 
22:33:23,385.5730840778349;2000.0979856840759;373.14692806564585,2070.8204136109002,11;11;11,43.116605;5.882431666666667 
22:33:26,562.2957176081339;2043.6013780371356;130.10740250904541,2123.5373795964547,15;15;15,43.116605;5.882431666666667 
22:33:31,271.1208923721314;2400.235796527863;239.25681163150438,2427.3199704873027,6;6;6,43.116605;5.882431666666667 
22:33:34,233.33926789283672;91.2621040630352;188.68553646086994,313.6530204673686,48;48;48,43.116605;5.882431666666667 
22:33:38,693.5684229564665;130.87741267840036;462.51736342114924,843.8532846044766,55;55;55,43.116605;5.882431666666667 
22:33:42,439.06728044192;4859.8770982583355;972.6575177287913,4975.66559705582,5;5;5,43.116605;5.882431666666667 
22:33:46,200.78436021486885;1175.2980077203108;785.1909042485481,1427.642995420381,8;8;8,43.116605;5.882431666666667 
22:33:49,388.515956951777;1218.8812067953731;1993.8306640466176,2368.961114492527,9;9;9,43.116605;5.882431666666667 
22:33:53,94.7474132506055;1134.5791217772157;10.237082567217115,1138.5743953514532,5;5;5,43.116605;5.882431666666667 
22:33:57,856.5755231221515;3340.5030079428348;249.91412646926392,3457.6204308015085,14;14;14,43.116605;5.882431666666667 
22:34:01,21.86330088933311;4567.647327915828;1193.2314510409387,4720.983098031134,0;0;0,43.116605;5.882431666666667 
22:34:04,908.3476400629677;4073.4180153179177;1868.838997116109,4572.787876106487,11;11;11,43.116605;5.882431666666667 
22:34:08,106.14543422698969;2060.23110373497;6.077157182707182,2062.9726090871086,3;3;3,43.116605;5.882431666666667 
22:34:12,619.605049378077;3840.979067007699;766.5454353300785,3965.4284150431367,9;9;9,43.116605;5.882431666666667 
22:34:15,275.2845586967469;410.7502344004305;1477.0858800029832,1557.6520921634133,10;10;10,43.116605;5.882431666666667 
22:34:19,342.5366857465108;3189.1364663696268;1979.6450192101745,3769.206439596325,5;5;5,43.116605;5.882431666666667 
22:34:23,64.82862135887146;3877.3522275416058;1302.988139438618,4090.9462399409326,1;1;1,43.116605;5.882431666666667 
22:34:27,186.28447641054768;4871.0593916893;2336.398524293893,5405.615558642583,2;2;2,43.116605;5.882431666666667 
22:34:30,910.1121168073014;3660.236793346403;2509.2230982462543,4530.103531410597,12;12;12,43.116605;5.882431666666667 
22:34:34,844.0190576966602;3165.529263906478;1106.9784657637315,3458.0840091108357,14;14;14,43.116605;5.882431666666667 
22:34:38,86.33840340932142;433.4589877510074;439.6571019967048,623.4094812412942,8;8;8,43.116605;5.882431666666667 
22:34:42,17.16405664126104;61.826516933440544;22.43379425363301,67.97351073116472,15;15;15,43.116605;5.882431666666667 
22:34:45,1.4402619361877644;3.5432937590265112;10.730886659665373,11.392155792920487,7;7;7,43.116605;5.882431666666667 
22:34:49,20.57704098701503;10.635492687225579;1.1091887379137688,23.18962311331601,63;63;63,43.116605;5.882431666666667 
22:34:53,21.31400618553171;117.23171019554147;27.085029770525182,122.19312408117955,10;10;10,43.116605;5.882431666666667 
22:34:57,42.69597278277083;90.72527915954632;125.31650522867466,160.49376577665925,15;15;15,43.116605;5.882431666666667 
22:35:00,79.06913331667606;44.83392004648895;70.10521736145137,114.79002452949298,44;44;44,43.116605;5.882431666666667 
22:35:04,0.02119866053264252;25.17340938250162;59.14176892596679,64.2763550694552,0;0;0,43.116605;5.882431666666667 
22:35:08,15.46192889849339;33.68467158635402;16.214481347391896,40.45537974741444,22;22;22,43.116605;5.882431666666667 
22:35:11,113.96711647351573;147.8357176144915;108.38251640320706,215.84872689402414,32;32;32,43.116605;5.882431666666667 
22:35:15,5.820279296239198;0.4832047621414759;57.240747868206654,57.53792101249393,6;6;6,43.116605;5.882431666666667 
22:35:19,5.506663818359056;3.6442991415656656;0.36224769906922916,6.6132810341858255,56;56;56,43.116605;5.882431666666667 
22:35:22,49.83805091222114;95.16577505111829;32.53682646752942,112.24527222287502,26;26;26,43.116605;5.882431666666667 
22:35:26,146.04318381945274;488.1858238760628;853.8034865125112,994.3009623622984,8;8;8,43.116605;5.882431666666667 
22:35:30,24.041775004069045;906.0818773460395;525.3732623704188,1047.6542560472928,1;1;1,43.116605;5.882431666666667 
22:35:33,215.9775649166107;1233.449051011403;2055.335460131962,2406.7502412307144,5;5;5,43.116605;5.882431666666667 
22:35:37,165.99673479080192;682.8019973659519;404.37380201021966,810.7352559993561,12;12;12,43.116605;5.882431666666667 
22:35:41,160.48757701237994;782.9251415316273;615.3241669305042,1008.6386221171299,9;9;9,43.116605;5.882431666666667 
22:35:45,933.3820111719766;1910.8491308816276;1033.9384808985467,2364.6511713259756,23;23;23,43.116605;5.882431666666667 
22:35:48,13.408152786890685;2529.591893568037;818.5844059975907,2658.7770414814236,0;0;0,43.116605;5.882431666666667 
22:35:52,329.26757123311364;592.5169021574665;372.97110388118426,773.6929992822628,25;25;25,43.116605;5.882431666666667 
22:35:56,280.43520971616107;360.9888727601366;857.5406856664109,971.7679253187972,17;17;17,43.116605;5.882431666666667 
22:35:59,259.30076865514116;111.33411813735977;182.9101484457496,336.2860343383542,50;50;50,43.116605;5.882431666666667 
22:36:03,127.6920021883648;60.02774823824553;857.728979651128,869.2569128369315,8;8;8,43.116605;5.882431666666667 
22:36:07,105.1503441619872;471.6215646298727;338.40731137273747,589.9177938423611,10;10;10,43.116605;5.882431666666667 
22:36:11,259.87936738967863;128.4445546372735;231.86222004573764,371.2079986952937,44;44;44,43.116605;5.882431666666667 
22:36:14,74.53760788281765;1311.9981936550137;420.8027639230227,1379.8442235514003,3;3;3,43.116605;5.882431666666667 
22:36:18,60.447980508804385;1830.397096710205;734.2879323895702,1973.1158753721716,2;2;2,43.116605;5.882431666666667 
22:36:22,142.5996484629312;1599.6658875528974;405.86394314767205,1656.4996685449494,5;5;5,43.116605;5.882431666666667 
22:36:25,538.3038218053184;400.96268813451104;400.86230624196696,781.8137056945815,44;44;44,43.116605;5.882431666666667 
22:36:29,15.327255055109692;14.575326096218976;0.7039202277354661,21.16271206680568,46;46;46,43.116605;5.882431666666667 
22:36:33,622.4238477389017;5529.007830050786;314.8487411308221,5572.833100029881,6;6;6,43.116605;5.882431666666667 
22:36:37,424.6278751691183;4363.776692123411;93.4100271669962,4385.382683901773,6;6;6,43.116605;5.882431666666667 
22:36:40,293.5939664967857;3865.272108488085;999.4064863808916,4003.166148792658,4;4;4,43.116605;5.882431666666667 
22:36:44,862.8054353586831;3424.545721114476;1124.68495871863,3706.3274102075598,13;13;13,43.116605;5.882431666666667 
22:36:48,306.6024621836343;4355.9275763161995;2689.8693544451203,5128.694498984317,3;3;3,43.116605;5.882431666666667 
22:36:52,236.07077765146883;481.1491155592597;736.3030521202223,910.7008663803839,15;15;15,43.116605;5.882431666666667 
22:36:55,115.02455554008462;2580.730544652938;1540.02283265433,3007.50247174936,2;2;2,43.116605;5.882431666666667 
22:36:59,173.46676866849242;2881.962263841629;2349.6888374678183,3722.4769768207198,3;3;3,43.116605;5.882431666666667 
22:37:03,98.39607682228083;4009.9330149428047;1053.1488317712174,4147.091394474372,1;1;1,43.116605;5.882431666666667 
22:37:07,426.2707713603973;1410.1504858811702;818.6710711097583,1685.3644964870618,15;15;15,43.116605;5.882431666666667 
22:37:10,120.5287253983815;3831.9976933320368;815.0161726379359,3919.5643708210223,2;2;2,43.116605;5.882431666666667 
22:37:14,84.39186758041389;37.459903631209286;151.35781271296798,177.29754415395465,28;28;28,43.116605;5.882431666666667 
22:37:18,583.8678486601508;3360.2875931199383;1539.835785649597,3742.1288887399282,9;9;9,43.116605;5.882431666666667 
22:37:21,285.68748960812883;1256.1185244909927;2539.6874439017115,2847.711959099802,6;6;6,43.116605;5.882431666666667 
22:37:25,323.9492013994848;131.5289597447702;91.07193960825022,361.2991150320107,64;64;64,43.116605;5.882431666666667 
22:37:29,233.72396123250283;21.243551813760476;59.19476557734171,242.03759794633734,75;75;75,43.116605;5.882431666666667 
22:37:33,103.03172508875517;3.9822307300577675;19.676721404396247,104.96936649126955,79;79;79,43.116605;5.882431666666667 
22:37:36,10.228977197011115;16.826748542785598;1.328033733319245,19.736643955240833,31;31;31,43.116605;5.882431666666667 
22:37:40,25.21206576347367;1.3380095736182929;4.234120696427368,25.600123197999068,80;80;80,43.116605;5.882431666666667 
22:37:44,13.679370943705326;82.36801898956337;112.36661760331579,139.99240155555,6;6;6,43.116605;5.882431666666667 
22:37:47,8.84981728235873;77.85831570625284;70.86151075045422,105.64842779891431,5;5;5,43.116605;5.882431666666667 
22:37:51,36.273402131398306;35.33380267779124;52.93929025014421,73.2584859661202,30;30;30,43.116605;5.882431666666667 
22:37:55,5.434962466557877;89.9396817398076;65.11480327606733,111.16934278006559,3;3;3,43.116605;5.882431666666667 
22:37:59,52.15431632041943;62.64765328407318;80.94521477380923,114.8778872004091,27;27;27,43.116605;5.882431666666667 
22:38:02,11.373081375757613;62.77297477722132;56.35289808590471,85.12016485558303,8;8;8,43.116605;5.882431666666667 
22:38:06,45.68061948776244;75.07131533622751;25.64040340424434,91.54152975469349,30;30;30,43.116605;5.882431666666667 
22:38:10,64.14465281168644;185.17466418266147;10.606812146498612,196.2567125053417,19;19;19,43.116605;5.882431666666667 
22:38:14,64.52747568130481;105.37854150772085;2.4372224712365664,123.58953103507648,31;31;31,43.116605;5.882431666666667 
22:38:17,29.731744887033923;43.903672943116035;91.13304162978508,105.43595415521172,16;16;16,43.116605;5.882431666666667 
22:38:21,31.717560586929388;63.77429974238113;16.243785378136977,73.05494863886763,26;26;26,43.116605;5.882431666666667 
22:38:25,43.30823997815429;86.37581281026219;74.97966230395647,122.30426994939387,21;21;21,43.116605;5.882431666666667 
22:38:28,25.212689253489128;203.70541093826304;124.8669689273676,240.2568085903661,6;6;6,43.116605;5.882431666666667 
22:38:32,37.31774790763855;100.22103209813515;21.21424778302483,109.02712457325961,20;20;20,43.116605;5.882431666666667 
22:38:36,69.17434676806137;68.50845943133055;60.1942200724217,114.46328404588698,37;37;37,43.116605;5.882431666666667 
22:38:40,73.41158491452524;23.028603728611152;3.6330763213214823,77.02451968632131,72;72;72,43.116605;5.882431666666667 
22:38:43,10.195932226180954;75.89806309699954;128.87476274809552,149.91056496863357,4;4;4,43.116605;5.882431666666667 
22:38:47,0.790585339863939;40.50191141764253;48.99135147093148,63.570294734337274,1;1;1,43.116605;5.882431666666667 
22:38:51,32.53620297749844;118.5684727891284;31.51929076193838,126.9273529775,15;15;15,43.116605;5.882431666666667 
22:38:55,9.07489717801424;96.66215108871428;79.43699242593105,125.44385587810343,4;4;4,43.116605;5.882431666666667 
22:38:58,31.026733649571717;60.6100879128767;4.6593408870734265,68.24917886150766,27;27;27,43.116605;5.882431666666667 
22:39:02,1.4302860959369972;81.01941008567759;169.7152292442201,188.06767283710832,0;0;0,43.116605;5.882431666666667 
22:39:06,32.68958152135206;13.15252188046756;104.23880175907385,110.03329207119451,17;17;17,43.116605;5.882431666666667 
22:39:09,29.149405212402314;153.15782838821323;10.706570549036343,156.27424251536686,11;11;11,43.116605;5.882431666666667 
22:39:13,9.654742892583196;20.15743220647209;102.55724918683917,104.96440108080371,5;5;5,43.116605;5.882431666666667 
22:39:17,38.40324402491249;25.87982357025176;136.6877161344,144.31945870776624,15;15;15,43.116605;5.882431666666667 
22:39:21,17.50884661992394;49.98083012580917;44.44985019683578,69.14067017715519,15;15;15,43.116605;5.882431666666667 
22:39:24,25.872341690063504;104.84857499440487;461.2971934604726,473.7696723486988,3;3;3,43.116605;5.882431666666667 
22:39:28,30.92011685689289;196.74040397326115;27.376823097867486,201.02818365825684,9;9;9,43.116605;5.882431666666667 
22:39:32,24.902191225687684;8.753176329931167;38.700025272360605,46.84473481390341,32;32;32,43.116605;5.882431666666667 
22:39:36,216.2899334144592;201.0992226727805;934.6040516026726,980.1566027570078,13;13;13,43.116605;5.882431666666667 
22:39:39,34.98838920911156;86.5622363249458;131.90741818426588,161.60685353370022,13;13;13,43.116605;5.882431666666667 
22:39:43,24.034916613896687;14.53666971524542;12.146208995185148,30.602653087629786,52;52;52,43.116605;5.882431666666667 
22:39:47,8.924012594223017;20.66308260917671;117.75481831867829,119.88660567786731,4;4;4,43.116605;5.882431666666667 
22:39:51,21.70181697527568;66.94848741213572;114.71904543240541,134.58650828267875,9;9;9,43.116605;5.882431666666667 
22:39:54,24.009977013270067;107.04450682957878;49.674073038108446,120.42640479048117,12;12;12,43.116605;5.882431666666667 
22:39:58,11.744681425094573;126.41758859634467;93.34643118541663,157.58458193410084,4;4;4,43.116605;5.882431666666667 
22:40:02,7.417037226359044;64.53184011141455;13.454291048061506,66.33542625918912,6;6;6,43.116605;5.882431666666667 
22:40:06,30.340271142323793;12.336996939976697;80.66090332667741,87.05696337434657,20;20;20,43.116605;5.882431666666667 
22:40:09,57.56932710647581;37.51539424260497;48.46574938772896,84.08662849933181,43;43;43,43.116605;5.882431666666667 
22:40:13,34.88925429662068;111.36217518806524;115.33630054793242,164.07698300515705,12;12;12,43.116605;5.882431666666667 
22:40:17,1.078014237085978;14.35211667060754;23.612813873295835,27.653396656414618,2;2;2,43.116605;5.882431666666667 
22:40:20,48.14901645978293;57.73268149057964;22.600889577869765,78.49962106818239,38;38;38,43.116605;5.882431666666667 
22:40:24,95.64897981325782;139.08316477457637;56.94084917068132,178.1435218224543,32;32;32,43.116605;5.882431666666667 
22:40:28,52.30956533432013;37.45865665117842;114.1622688484265,131.04375304529702,24;24;24,43.116605;5.882431666666667 
22:40:32,8.548048114776545;105.63479590415969;101.20427585283664,146.54038584357235,3;3;3,43.116605;5.882431666666667 
22:40:35,11.060712877909447;116.6213134702057;214.01232438722496,243.9757059924335,3;3;3,43.116605;5.882431666666667 
22:40:39,44.543997189203864;54.75364619572948;45.516018123628044,83.98712617508329,32;32;32,43.116605;5.882431666666667 
22:40:43,26.93289820671088;166.17567642529784;105.93594158173403,198.9023885226794,8;8;8,43.116605;5.882431666666667 
22:40:47,19.456629428863558;95.54797443071972;104.66776288984825,143.0500487064268,8;8;8,43.116605;5.882431666666667 
22:40:50,4.502844893137681;17.892916469574693;101.91692494073834,103.57360504151106,2;2;2,43.116605;5.882431666666667 
22:40:54,76.65061554590864;87.48936597824036;56.356639025992195,129.25082895342356,36;36;36,43.116605;5.882431666666667 
22:40:58,24.41212807337437;100.19172806739695;44.891281127895866,112.47026936709022,13;13;13,43.116605;5.882431666666667 
22:41:01,26.212143748601246;51.78333976109778;22.05970024425774,62.09042705262326,25;25;25,43.116605;5.882431666666667 
22:41:05,13.259762163162263;35.74592957814416;154.42476010003327,159.06162109692613,5;5;5,43.116605;5.882431666666667 
22:41:09,38.03974934577947;14.39700795173604;26.989635798118528,48.81328516671626,51;51;51,43.116605;5.882431666666667 
22:41:13,214.01294787724814;671.8560066509243;102.2174471283055,712.4889066009831,17;17;17,43.116605;5.882431666666667 
22:41:16,13.133817179997793;97.43964313824915;24.677734820016894,101.37046810819226,7;7;7,43.116605;5.882431666666667 
22:41:20,27.692309045791582;46.56909276008636;78.64266614597781,95.49980795442933,17;17;17,43.116605;5.882431666666667 
22:41:24,29.118854201634672;57.61172442754054;19.619983812960484,67.4682312377593,26;26;26,43.116605;5.882431666666667 
22:41:28,56.14714638074235;25.374796657562204;69.39693270366476,92.80256796441634,37;37;37,43.116605;5.882431666666667 
22:41:31,28.88753940582278;154.27699296633406;94.22991653759993,183.07145507243968,9;9;9,43.116605;5.882431666666667 
22:41:35,6.513600193659492;30.532929557163857;121.65350138662845,125.59562561829922,3;3;3,43.116605;5.882431666666667 
22:41:39,3.152365519205693;114.17162119865438;79.27862596194757,139.0330789053817,1;1;1,43.116605;5.882431666666667 
22:41:43,32.155250577926644;90.92167851448063;62.1563431517238,114.7350110368002,16;16;16,43.116605;5.882431666666667 
22:41:46,52.89751641909279;93.12135128975075;3.3107319831735538,107.14800164072946,30;30;30,43.116605;5.882431666666667 
22:41:50,50.34120735486346;96.7419578107192;144.9844977728354,181.42146552554811,16;16;16,43.116605;5.882431666666667 
22:41:54,37.70867614746093;19.404879757562;82.92541906359752,93.14031748964995,24;24;24,43.116605;5.882431666666667 
22:41:58,45.87203092257165;57.04310153325398;20.43987318356244,75.99965177061411,37;37;37,43.116605;5.882431666666667 
22:42:01,33.64539171536762;57.07552301406943;179.52833860076822,191.36366445007835,10;10;10,43.116605;5.882431666666667 
22:42:05,28.877563565572014;33.347986977894486;20.002183192600498,48.436445425235554,37;37;37,43.116605;5.882431666666667 
22:42:08,40.046763706207315;14.832203982671432;47.61780296644602,63.9624320806804,39;39;39,43.116605;5.882431666666667 
22:42:12,18.464656813939474;30.895177256266336;87.9912754408565,95.06797611531105,11;11;11,43.116605;5.882431666666667 
22:42:16,42.02135658582058;30.3309187920891;98.1572801462871,110.99824633660516,22;22;22,43.116605;5.882431666666667 
22:42:19,112.06858937581369;479.0011924552914;64.49006628035647,496.1456235291415,13;13;13,43.116605;5.882431666666667 
22:42:23,159.86221652666717;204.30209088325464;46.509861208573255,263.54969133301864,37;37;37,43.116605;5.882431666666667 
22:42:27,28.13373997688299;107.92051030158989;21.429351838424537,113.56742926146309,14;14;14,43.116605;5.882431666666667 
22:42:30,2.8225393009186224;13.23357558250443;94.03663463277567,95.00517303737325,2;2;2,43.116605;5.882431666666667 
22:42:34,8.69955618858323;44.50035288810872;69.58772064844787,83.05669479392338,6;6;6,43.116605;5.882431666666667 
22:42:38,16.02992830276474;12.37752379099588;88.34042984962664,90.63218657080526,10;10;10,43.116605;5.882431666666667 
22:42:42,4.607591215769445;64.44829244931589;31.595356543840936,71.92411870559566,4;4;4,43.116605;5.882431666666667 
22:42:46,22.69753053029392;36.83579012552896;19.310732765189798,47.38098485969045,29;29;29,43.116605;5.882431666666667 
22:42:49,62.451253929138254;94.3857890415184;36.04084035555921,118.77616959578476,32;32;32,43.116605;5.882431666666667 
22:42:53,12.753488270441839;14.817863712309641;8.53807227450254,21.333523530479194,37;37;37,43.116605;5.882431666666667 
22:42:57,18.151041336059514;43.72223734855629;30.994312168752813,56.58393523926142,19;19;19,43.116605;5.882431666666667 
22:43:00,1.3885122648877035;15.859092038473854;13.856442108107103,21.10544371696203,4;4;4,43.116605;5.882431666666667 
22:43:04,5.938118909199791;0.6671343167639621;1.9696049595356868,6.291714239619264,71;71;71,43.116605;5.882431666666667 
22:43:08,562.7165733687083;19.9778670819597;134.7972944068676,578.9813189528459,76;76;76,43.116605;5.882431666666667 
22:43:12,731.6387233130134;938.2184232234956;248.30614571889777,1215.4032142169333,37;37;37,43.116605;5.882431666666667 
22:43:15,78.58281110445671;1264.0486940002454;428.1418648974071,1336.8993288511422,3;3;3,43.116605;5.882431666666667 
22:43:19,33.95900719324756;353.7838221391044;103.36529224711022,370.13590830698257,5;5;5,43.116605;5.882431666666667 
22:43:23,51.061961812973095;529.9054112943022;15.078482538871896,532.5734029209948,6;6;6,43.116605;5.882431666666667 
22:43:26,334.03477589289344;294.18503503163674;1451.0520543988541,1517.7865893851863,13;13;13,43.116605;5.882431666666667 
22:43:30,9.20021867116272;1413.5129675356548;287.58664019585115,1442.5011712418775,0;0;0,43.116605;5.882431666666667 
22:43:34,675.6193923854827;2457.9772068786624;2909.5180285739825,3868.256541582964,10;10;10,43.116605;5.882431666666667 
22:43:38,151.35531875292457;841.4814533329012;266.7346401119115,895.6265053322628,10;10;10,43.116605;5.882431666666667 
22:43:42,574.2530091285705;213.03531553268456;363.3880623404213,712.180769193366,54;54;54,43.116605;5.882431666666667 
22:43:45,293.59022555669145;1144.6098291492472;1230.0772170066612,1705.70127552463,10;10;10,43.116605;5.882431666666667 
22:43:49,358.880853017171;517.6793955771128;498.95536691666643,803.5819071148643,27;27;27,43.116605;5.882431666666667 
22:43:53,202.59933965047193;949.565318018595;581.6993503856764,1131.854637243529,10;10;10,43.116605;5.882431666666667 
22:43:56,128.903443288803;1449.4708837191283;654.2897989495522,1595.5178098193282,5;5;5,43.116605;5.882431666666667 
22:44:00,108.44424191474911;699.577619727453;2452.6837766456424,2552.8076127763184,2;2;2,43.116605;5.882431666666667 
22:44:04,984.2899709510802;1333.289130709967;2800.8088034025677,3254.384213058062,18;18;18,43.116605;5.882431666666667 
22:44:08,253.63636186281812;2552.6884577083592;413.13258975029754,2598.3125876018603,6;6;6,43.116605;5.882431666666667 
22:44:11,385.32992297172643;139.7764856719964;138.63051102318911,432.70663742397227,63;63;63,43.116605;5.882431666666667 
22:44:15,421.4368532689417;1027.3369686126712;31.760581398039278,1110.8730813653924,22;22;22,43.116605;5.882431666666667 
22:44:19,203.77898276011132;3955.2354828484854;445.81780684153927,3985.494588566824,3;3;3,43.116605;5.882431666666667 
22:44:22,368.70954962412503;4452.312897837956;388.4292918395946,4484.407897035823,5;5;5,43.116605;5.882431666666667 
22:44:26,103.4619331995646;1043.5439680798847;564.3258010991374,1190.86187054733,5;5;5,43.116605;5.882431666666667 
22:44:30,1106.485285161336;663.8185968589783;1143.1664497629815,1723.8893084180563,40;40;40,43.116605;5.882431666666667 
22:44:33,967.4389062976837;4561.477894210816;344.76815651255953,4675.669331607772,12;12;12,43.116605;5.882431666666667 
22:44:37,330.6585774580637;1646.3091756248468;2894.3859258937773,3346.212617961556,6;6;6,43.116605;5.882431666666667 
22:44:41,268.0383577346802;4613.021813805897;1663.399036954237,4911.080448537413,3;3;3,43.116605;5.882431666666667 
22:44:45,888.626027377446;2932.6700833257037;2296.1148343817363,3829.1452527730103,13;13;13,43.116605;5.882431666666667 
22:44:48,609.617986307144;4317.753776617051;494.35837503116534,4388.5102218957445,8;8;8,43.116605;5.882431666666667 
22:44:52,397.35766886393236;1941.5940470441176;3843.7149411964315,4324.560684011593,5;5;5,43.116605;5.882431666666667 
22:44:56,306.3387259070077;572.0963571643831;1180.8227527491297,1347.3975026996,13;13;13,43.116605;5.882431666666667 
22:44:59,1131.0532857386268;68.54337487220846;3066.3831285953565,3269.049589827793,20;20;20,43.116605;5.882431666666667 
22:45:03,242.43349326133725;5338.357676550546;2695.0929537963802,5985.011504670976,2;2;2,43.116605;5.882431666666667 
22:45:07,429.4854858811702;4081.9654399426763;145.51134683607003,4107.07598998692,6;6;6,43.116605;5.882431666666667 
22:45:10,1374.9401342264807;560.2463059266416;112.28369343121791,1488.9405373693526,67;67;67,43.116605;5.882431666666667 
22:45:14,683.9928632958736;519.7325481987002;147.6087672487978,871.6401246302923,52;52;52,43.116605;5.882431666666667 
22:45:18,150.39265016873676;29.605799903869357;62.34650760650595,165.4736825705287,65;65;65,43.116605;5.882431666666667 
22:45:22,9.733302634557136;4.125009943645286;7.500584888402884,12.961931217190866,49;49;49,43.116605;5.882431666666667 
22:45:26,1.2937417825060957;14.533552265166394;2.811939970683852,14.85950590170665,5;5;5,43.116605;5.882431666666667 
22:45:29,19.54391803105674;7.110280138651226;62.00982299806057,65.40442617977445,17;17;17,43.116605;5.882431666666667 
22:45:33,30.55288123766588;22.978724527359272;100.83953419366054,107.84299694102354,16;16;16,43.116605;5.882431666666667 
22:45:37,1.433403546015427;26.166005487441524;39.37526495930932,47.29826613640675,2;2;2,43.116605;5.882431666666667 
22:45:40,97.73891834576919;59.64180791854845;0.1359208234372744,114.4991698033842,59;59;59,43.116605;5.882431666666667 
22:45:44,73.11729762713108;63.60720441818252;47.14893847459933,107.77308599772245,43;43;43,43.116605;5.882431666666667 
22:45:48,34.63923480033857;152.0043718592332;115.09313944181265,193.78244605341723,10;10;10,43.116605;5.882431666666667 
22:45:52,16.391552511851053;2.9802822748817848;36.287742401746925,39.92950443972836,24;24;24,43.116605;5.882431666666667 
22:45:55,7.430130516687713;1.182137069700162;0.5305900033718558,7.542268445119907,80;80;80,43.116605;5.882431666666667 
22:45:59,3.2558648618058736;7.80609499613405;10.530122874609305,13.506267539234566,14;14;14,43.116605;5.882431666666667 
22:46:03,101.02471072832746;322.83128380139635;515.8812503719262,616.8950433128005,9;9;9,43.116605;5.882431666666667 
22:46:06,292.81335699717226;35.60315036455874;292.4205582872936,415.35169346096,45;45;45,43.116605;5.882431666666667 
22:46:10,276.0589332962036;1584.228274765017;1378.0719245751652,2117.798382877813,7;7;7,43.116605;5.882431666666667 
22:46:14,158.1781699943543;1402.4584895579019;1538.3712076028341,2087.7011569612155,4;4;4,43.116605;5.882431666666667 
22:46:18,186.99213757832848;999.1371386941279;620.7036387856774,1191.0138910339301,9;9;9,43.116605;5.882431666666667 
22:46:21,563.0607398573558;1955.46669989268;1550.7250387732067,2558.4439718383605,13;13;13,43.116605;5.882431666666667 
22:46:25,161.5344167486828;793.1852932294206;311.317917172099,867.2687719168453,11;11;11,43.116605;5.882431666666667 
22:46:29,130.91793952941882;1156.1387830289202;2360.0019858169558,2631.236546868068,3;3;3,43.116605;5.882431666666667 
22:46:32,256.9283891455334;176.36225630124363;112.93087606748031,331.465270225936,51;51;51,43.116605;5.882431666666667 
22:46:36,418.4129266929624;830.5816008790341;2425.170409234367,2597.380735812241,9;9;9,43.116605;5.882431666666667 
22:46:40,590.9107918771107;59.88746298471992;224.85107481956845,635.0748601756295,69;69;69,43.116605;5.882431666666667 
22:46:44,207.25556308746332;1726.6296534029625;521.5668558247799,1815.5541340142086,7;7;7,43.116605;5.882431666666667 
22:46:47,159.8135843054456;532.9068922297158;1478.3521882248037,1579.5744141836287,6;6;6,43.116605;5.882431666666667 
22:46:51,1006.9513390604654;708.4405303001427;2557.9538308906795,2838.8319402838756,21;21;21,43.116605;5.882431666666667 
22:46:55,271.92706496238696;1356.5889525953917;210.12299366950415,1399.439025978465,11;11;11,43.116605;5.882431666666667 
22:46:58,166.98746042569462;1972.2566625245422;349.92628941218663,2010.0073539252662,5;5;5,43.116605;5.882431666666667 
22:47:02,456.6179008928934;1348.2173521550487;135.81919454255774,1429.9079654558163,19;19;19,43.116605;5.882431666666667 
22:47:06,165.83338040669742;531.9766451263428;324.7404102293565,644.9466606262273,15;15;15,43.116605;5.882431666666667 
22:47:10,356.40372718493154;249.32742236455252;224.63347680410806,489.5385369869923,47;47;47,43.116605;5.882431666666667 
22:47:13,486.7923236910501;3852.315985962547;1260.84831974981,4082.529082262984,7;7;7,43.116605;5.882431666666667 
22:47:17,290.1279854996999;3330.7865395387016;1039.429557466491,3501.2464958750475,5;5;5,43.116605;5.882431666666667 
22:47:21,432.71828161239625;191.12712336222276;513.6734722264648,698.3087602167798,38;38;38,43.116605;5.882431666666667 
22:47:24,95.30543681462608;4282.998572673798;2401.5451255607604,4911.270598319427,1;1;1,43.116605;5.882431666666667 
22:47:28,105.5668354924519;123.0937633228294;1201.5481843598525,1212.4415328845037,5;5;5,43.116605;5.882431666666667 
22:47:32,532.6936586443584;1239.4146034812939;9.034370326988395,1349.0710556267265,23;23;23,43.116605;5.882431666666667 
22:47:36,12.57891106605516;2336.1497517776497;1015.2250515683293,2547.2408203910168,0;0;0,43.116605;5.882431666666667 
22:47:39,611.1654885260263;2665.7689713795976;1132.2890429496813,2960.0550569067796,12;12;12,43.116605;5.882431666666667 
22:47:43,410.84001696268746;4547.539774910607;3263.002575505573,5612.13803569441,4;4;4,43.116605;5.882431666666667 
22:47:47,1081.3075113487243;1096.3766415373498;341.7990970580025,1577.3694231084726,43;43;43,43.116605;5.882431666666667 
22:47:50,1265.2121263694758;3493.0485691356657;333.2903288141562,3730.04456733886,20;20;20,43.116605;5.882431666666667 
22:47:54,622.1395362917582;2958.957669366199;2063.228220240276,3660.5189222997096,10;10;10,43.116605;5.882431666666667 
22:47:58,223.5099477958681;4242.149377317428;2500.505460847203,4929.332165310534,3;3;3,43.116605;5.882431666666667 
22:48:02,122.34557530403173;4474.408137013117;3690.4349087651394,5801.259038536206,1;1;1,43.116605;5.882431666666667 
22:48:05,1555.7023595682774;3074.9798089313517;1836.3165109189215,3904.8391753278697,23;23;23,43.116605;5.882431666666667 
22:48:09,1357.3346466541298;478.905798482895;1061.0328630193208,1788.1551507727754,49;49;49,43.116605;5.882431666666667 
22:48:13,9.291871703465807;39.03795686085898;32.86415872574189,51.868621384944404,10;10;10,43.116605;5.882431666666667 
22:48:17,2.1516640440625565;0.8466994412749118;5.245421501742342,5.73245190414257,22;22;22,43.116605;5.882431666666667 
22:48:20,3.936092468897909;8.091029933293026;19.3219555854256,21.31421021174179,11;11;11,43.116605;5.882431666666667 
22:48:24,14.436911312739255;14.322812639872563;24.367236792283364,31.738456154324837,27;27;27,43.116605;5.882431666666667 
22:48:28,27.37183517773943;48.730732644399424;24.38282404261294,60.9788797318407,27;27;27,43.116605;5.882431666666667 
22:48:31,17.204583492278914;0.9040605227157439;23.566052122129477,29.192016566082795,36;36;36,43.116605;5.882431666666667 
22:48:35,30.244877169927026;18.792612562180345;35.27768857637703,50.12414780550423,37;37;37,43.116605;5.882431666666667 
22:48:39,3.6492870616913615;109.61515616416916;84.07139371235672,138.19116830569135,2;2;2,43.116605;5.882431666666667 
22:48:43,50.44345971743276;176.70018788973525;8.323591709128664,183.94776760665587,16;16;16,43.116605;5.882431666666667 
22:48:46,16.033045752843098;74.12236353238389;23.74062932652876,79.46572099062129,12;12;12,43.116605;5.882431666666667 
22:48:50,4.768451639811336;16.104123614626985;1.168420289403116,16.835858588414634,16;16;16,43.116605;5.882431666666667 
22:48:54,8.950822664896386;0.33855507850710786;17.369808346479942,19.543338709469527,27;27;27,43.116605;5.882431666666667 
22:48:58,13.14628698031091;16.62723173777303;0.4950510725034718,21.202235075451025,38;38;38,43.116605;5.882431666666667 
22:49:01,1.8417895062762535;10.844361842473837;4.0009354304615385,11.704693788162693,9;9;9,43.116605;5.882431666666667 
22:49:05,5.028446976344074;5.49357052802979;5.06647986731501,9.007431064751463,34;34;34,43.116605;5.882431666666667 
22:49:09,6.645156586964664;7.411425816218009;11.761515655473787,15.408458365733335,26;26;26,43.116605;5.882431666666667 
22:49:13,8.639077657063524;9.33177506446814;5.305276543252191,13.77902927709298,39;39;39,43.116605;5.882431666666667 
22:49:16,14.842179822921416;5.077702687579899;6.347128359443843,16.922157217407243,61;61;61,43.116605;5.882431666666667 
22:49:20,5.5783651701606445;3.4460293165854416;8.233185656848718,10.525142378256323,32;32;32,43.116605;5.882431666666667 
22:49:24,5.447432266870895;7.524900999069217;1.3411270236325379,9.386014864757916,35;35;35,43.116605;5.882431666666667 
22:49:27,16.96017540613839;1.444002876281436;17.35796203618456,24.311140248110842,44;44;44,43.116605;5.882431666666667 
22:49:31,4.9492637443540115;6.510482743580459;0.26810070669647246,8.182510321079173,37;37;37,43.116605;5.882431666666667 
22:49:35,2.998363485336497;17.45086204846613;13.722391754841468,22.401491140058866,8;8;8,43.116605;5.882431666666667 
22:49:39,6.54851563453647;1.3442444737747916;2.1429351837802812,7.020129729778937,69;69;69,43.116605;5.882431666666667 
22:49:42,16.21697530746492;0.19889331499700624;13.484842058785418,21.091960838766642,50;50;50,43.116605;5.882431666666667 
22:49:46,1.2214169406892517;1.804380105335901;19.094381729683363,19.218300147161834,4;4;4,43.116605;5.882431666666667 
22:49:50,3.2359131813052002;6.6532619571683105;4.955498644584111,8.904717603839147,21;21;21,43.116605;5.882431666666667 
22:49:53,4.17987706502259;7.7817788855241155;4.797132180582864,10.051862119024241,25;25;25,43.116605;5.882431666666667 
22:49:57,7.625282891591589;6.570337785083646;1.6884109623784838,10.20612607039405,48;48;48,43.116605;5.882431666666667 
22:50:01,18.19032120704678;11.869379428228966;4.967344954849295,22.281033852298407,55;55;55,43.116605;5.882431666666667 
