Time,AccelX[mm/s^2];AccelY[mm/s^2];AccelZ[mm/s^2],Total_axes acceleration, AngleX(deg); AngleY(deg);AngleZ(deg), DistanceX[mm];DistanceY[mm];DistanceZ[mm], Latitude ;Longitude
15:51:41,10.833762512207231;3.2814279524453482;12.11752845450853,16.5823000643403,41;41;41,1.0833762512207232e-05;3.281427952445348e-06;1.211752845450853e-05 
15:51:43,11.510872669220104;3.38056286494115;1.9602526092867834,12.156108965579122,71;71;71,1.1510872669220105e-05;3.38056286494115e-06;1.9602526092867834e-06 
15:51:46,10.594342346191581;0.8965786425241262;3.0189386558969744,11.052508023910573,73;73;73,1.0594342346191582e-05;8.965786425241262e-07;3.0189386558969746e-06 
15:51:48,8.299899088541451;0.5661289342249187;0.3716000493270144,8.327479417374606,85;85;85,8.299899088541452e-06;5.661289342249187e-07;3.716000493270144e-07 
15:51:50,2.3779909197486697;1.0761437670363527;11.670486113255052,11.958811493681859,11;11;11,2.3779909197486697e-06;1.0761437670363528e-06;1.1670486113255052e-05 
15:51:52,9.629803291956264;0.9969605350487187;3.977866299990751,10.466635660555806,67;67;67,9.629803291956264e-06;9.969605350487188e-07;3.977866299990751e-06 
15:51:54,22.78232517242415;5.588341010407394;3.144883639080831,23.66757673725873,74;74;74,2.278232517242415e-05;5.588341010407394e-06;3.144883639080831e-06 
15:51:56,9.309952913919853;12.986050046286056;1.8330606460992271,16.083309062389137,35;35;35,9.309952913919854e-06;1.2986050046286057e-05;1.8330606460992272e-06 
15:51:59,10.941626284917065;4.401839510600691;1.9240901883179617,11.949790788488926,66;66;66,1.0941626284917065e-05;4.4018395106006915e-06;1.9240901883179617e-06 
15:52:01,7.178240550358921;0.20014029503101494;5.1587563896422495,8.84194328324871,54;54;54,7.178240550358921e-06;2.0014029503101493e-07;5.15875638964225e-06 
15:52:03,16.933988825480274;4.915595283512597;4.157431424411939,18.116492226186338,69;69;69,1.6933988825480277e-05;4.915595283512597e-06;4.157431424411939e-06 
15:52:05,2.4621620718641086;8.143403094605596;0.04177383105208321,8.507584914787445,17;17;17,2.4621620718641088e-06;8.143403094605597e-06;4.177383105208321e-08 
15:52:07,8.836100502013895;4.640012696585871;5.451796696938516,11.372267897430046,51;51;51,8.836100502013895e-06;4.6400126965858714e-06;5.451796696938516e-06 
15:52:09,1.3305276934304637;3.268334662116845;4.6001093356196066,5.797699656435687,13;13;13,1.3305276934304638e-06;3.268334662116845e-06;4.600109335619607e-06 
15:52:12,1.8897982374828857;7.1844754505141495;6.7841948605043,10.060483327491124,11;11;11,1.8897982374828856e-06;7.18447545051415e-06;6.7841948605043e-06 
15:52:14,5.9842571703591085;15.690749734243447;15.475645678808547,22.83651834846286,15;15;15,5.984257170359109e-06;1.569074973424345e-05;1.5475645678808546e-05 
15:52:16,13.5559199206031;10.934767894746455;10.495830923771265,20.334566151904372,42;42;42,1.35559199206031e-05;1.0934767894746456e-05;1.0495830923771265e-05 
15:52:18,11.92861097971622;12.468553333285337;9.969605350539368,19.928612921522923,37;37;37,1.192861097971622e-05;1.2468553333285338e-05;9.969605350539368e-06 
15:52:20,0.25500741640741703;13.262256123226845;6.001714890757626,14.559294209900168,1;1;1,2.55007416407417e-07;1.3262256123226846e-05;6.001714890757626e-06 
15:52:22,20.639389988581573;9.536903279624642;13.35827358567343,26.37006667521675,52;52;52,2.0639389988581576e-05;9.536903279624643e-06;1.335827358567343e-05 
15:52:25,12.014652601877618;6.907645883558633;15.372146336202874,20.69710926139408,36;36;36,1.2014652601877618e-05;6.907645883558633e-06;1.5372146336202875e-05 
15:52:27,8.180189005533613;5.106383228300149;13.179955441211533,16.331009377036054,30;30;30,8.180189005533614e-06;5.106383228300149e-06;1.3179955441211533e-05 
15:52:29,3.182916529973108;16.934612315497755;7.836646006927239,18.92947628834123,10;10;10,3.1829165299731085e-06;1.6934612315497755e-05;7.83664600692724e-06 
15:52:31,1.0131712754568867;12.128127784730491;47.90585535368308,49.42761350464099,1;1;1,1.0131712754568868e-06;1.2128127784730491e-05;4.790585535368308e-05 
15:52:33,8.167095715205116;5.044034226736271;16.190788726841987,18.82246990432027,26;26;26,8.167095715205117e-06;5.044034226736271e-06;1.619078872684199e-05 
15:52:36,5.530356438954984;3.448523276648796;3.140519208876924,7.234640007132652,50;50;50,5.530356438954984e-06;3.448523276648796e-06;3.140519208876924e-06 
15:52:38,1.4552256965638388;6.5946538956978;3.958538109493759,7.827973287914076,11;11;11,1.4552256965638388e-06;6.5946538956978e-06;3.958538109493759e-06 
15:52:40,19.979737552007272;17.271920413969298;7.128361349149515,27.35548725498465,47;47;47,1.9979737552007274e-05;1.72719204139693e-05;7.1283613491495145e-06 
15:52:42,1.3991115951535251;6.649521017072724;2.624269475901997,7.284259282475868,11;11;11,1.3991115951535253e-06;6.649521017072724e-06;2.624269475901997e-06 
15:52:44,1.2101941204072861;12.997896356582217;15.855351098418069,20.537819698293895,3;3;3,1.2101941204072862e-06;1.2997896356582218e-05;1.585535109841807e-05 
15:52:46,1.762606274286621;0.5748577944456601;3.4915440877760773,3.953242021287537,26;26;26,1.762606274286621e-06;5.748577944456601e-07;3.4915440877760773e-06 
15:52:48,3.2377836513520846;7.822929226558917;5.440573876663635,10.06386152349819,19;19;19,3.2377836513520847e-06;7.822929226558916e-06;5.440573876663635e-06 
15:52:51,2.9035930029552848;6.918868703843728;17.96711178140953,19.470970757348084,9;9;9,2.903593002955285e-06;6.918868703843728e-06;1.796711178140953e-05 
15:52:53,12.685527858733913;8.419609171554043;10.496454413765122,18.492917317629484,43;43;43,1.2685527858733913e-05;8.419609171554043e-06;1.0496454413765121e-05 
15:52:55,9.889798628488933;1.222040430701954;3.0837816174216215,10.431261131343579,71;71;71,9.889798628488932e-06;1.222040430701954e-06;3.0837816174216214e-06 
15:52:57,6.946302264531259;6.091497453055927;1.7233264033560403,9.398261023366132,48;48;48,6.9463022645312595e-06;6.091497453055928e-06;1.7233264033560404e-06 
15:52:59,7.933910449345709;4.680539547599949;20.627543678232385,22.590926135780023,21;21;21,7.93391044934571e-06;4.680539547599949e-06;2.0627543678232386e-05 
15:53:01,2.2090251255035556;13.764789075852546;7.283610362966542,15.728960239867389,8;8;8,2.209025125503556e-06;1.3764789075852546e-05;7.283610362966542e-06 
15:53:04,15.524277900060259;0.5399423535681347;3.5838206100837766,15.941722373342767,77;77;77,1.552427790006026e-05;5.399423535681347e-07;3.5838206100837765e-06 
15:53:06,9.013171666463018;14.560985825855411;9.47268380807742,19.570163776466103,27;27;27,9.013171666463019e-06;1.4560985825855413e-05;9.472683808077421e-06 
15:53:08,2.826280241012273;4.227885796230235;8.1689661852824,9.62262369850287,17;17;17,2.8262802410122732e-06;4.227885796230235e-06;8.1689661852824e-06 
15:53:10,1.1266464583076785;3.8830958175675168;11.123685369522462,11.83571466243402,5;5;5,1.1266464583076785e-06;3.883095817567517e-06;1.1123685369522462e-05 
15:53:12,6.340893459320318;5.8726524575570815;2.4983244928247217,8.996477200613045,45;45;45,6.340893459320318e-06;5.872652457557082e-06;2.498324492824722e-06 
15:53:14,21.29343101501472;0.3884342797614293;29.813422079104868,36.63879394368409,36;36;36,2.129343101501472e-05;3.884342797614293e-07;2.981342207910487e-05 
15:53:16,15.45881144841487;7.03920227686472;17.60673455241424,24.464715851434644,39;39;39,1.545881144841487e-05;7.03920227686472e-06;1.760673455241424e-05 
15:53:18,4.110046183268102;15.518042999900338;1.4090874353627214,16.11482750685994,15;15;15,4.110046183268102e-06;1.551804299990034e-05;1.4090874353627214e-06 
15:53:21,13.692464234033926;1.9359364986435423;2.2645157368774704,14.012831921123018,78;78;78,1.3692464234033926e-05;1.935936498643542e-06;2.2645157368774706e-06 
15:53:23,15.16265369097414;5.570259799958954;4.028368991196629,16.648171608939073,66;66;66,1.5162653690974141e-05;5.570259799958954e-06;4.0283689911966295e-06 
15:53:25,14.731198600133416;2.1472996139567657;14.135142145191182,20.528549663661863,46;46;46,1.4731198600133416e-05;2.1472996139567656e-06;1.4135142145191182e-05 
15:53:27,3.989712610244958;1.1154236380237492;16.40589278222926,16.920853837398745,14;14;14,3.9897126102449584e-06;1.1154236380237492e-06;1.6405892782229258e-05 
15:53:29,12.04520361264532;9.705869073865836;4.006546840624736,15.979463136639765,49;49;49,1.2045203612645322e-05;9.705869073865837e-06;4.006546840624736e-06 
15:53:32,14.74803283055618;2.5301224835712066;19.819500617947128,24.83381961958011,36;36;36,1.474803283055618e-05;2.5301224835712065e-06;1.981950061794713e-05 
15:53:34,17.293119074503853;1.306211582816963;17.86797686898467,24.900256091346236,44;44;44,1.7293119074503853e-05;1.306211582816963e-06;1.786797686898467e-05 
15:53:36,21.044658498763905;0.19826982497772594;10.551945025156328,23.54273786259818,63;63;63,2.1044658498763906e-05;1.9826982497772593e-07;1.0551945025156329e-05 
15:53:38,18.891747474670233;4.065778392153718;2.7601902993854566,19.52043357791099,75;75;75,1.8891747474670236e-05;4.065778392153718e-06;2.7601902993854567e-06 
15:53:40,3.674226662318189;1.1802665996571982;18.949108556167715,19.338088992601744,11;11;11,3.674226662318189e-06;1.1802665996571983e-06;1.8949108556167715e-05 
15:53:42,17.135376100540036;6.907645883563629;12.514068104357179,22.314537554701012,50;50;50,1.7135376100540036e-05;6.907645883563629e-06;1.251406810435718e-05 
15:53:44,9.503234818776637;6.819110301332976;3.164835319569903,12.11725711217482,52;52;52,9.503234818776637e-06;6.819110301332976e-06;3.1648353195699033e-06 
15:53:46,8.202011156081927;0.22819734573398254;4.647494576810018,9.429966430193215,60;60;60,8.202011156081928e-06;2.2819734573398255e-07;4.647494576810018e-06 
15:53:49,14.797288541793911;9.081755568187798;2.9347675036817122,17.608262057627424,57;57;57,1.479728854179391e-05;9.081755568187799e-06;2.9347675036817122e-06 
15:53:51,4.426779111226159;4.419297231038621;5.915049778664638,8.608970623711901,31;31;31,4.426779111226159e-06;4.419297231038621e-06;5.915049778664639e-06 
15:53:53,0.8049256102242303;3.1554829692862496;8.353519229840956,8.96583858491625,5;5;5,8.049256102242303e-07;3.1554829692862498e-06;8.353519229840956e-06 
15:53:55,11.516484079361213;13.550308510465236;0.6540410264790353,17.79516889336217,40;40;40,1.1516484079361212e-05;1.3550308510465237e-05;6.540410264790353e-07 
15:53:57,18.29257356961583;14.935703325269834;0.2518899663677132,23.616878078514965,51;51;51,1.829257356961583e-05;1.4935703325269835e-05;2.518899663677132e-07 
15:53:59,2.070610342026005;6.802276070915436;4.474164352442855,8.40098408438703,14;14;14,2.0706103420260053e-06;6.802276070915437e-06;4.474164352442856e-06 
15:54:01,6.715610958735366;6.1769155851970625;1.112306187968315,9.191895438457157,47;47;47,6.715610958735366e-06;6.176915585197062e-06;1.112306187968315e-06 
15:54:04,10.039436232248699;11.91240023930673;9.114177048967775,18.04892746405597,34;34;34,1.0039436232248698e-05;1.1912400239306731e-05;9.114177048967776e-06 
15:54:06,0.6085262552899053;10.876159833273725;21.66378408436387,24.248313297551878,1;1;1,6.085262552899054e-07;1.0876159833273726e-05;2.166378408436387e-05 
15:54:08,1.487023687362976;3.69978975295826;1.9247136783278052,4.42766376392965,20;20;20,1.487023687362976e-06;3.6997897529582605e-06;1.9247136783278054e-06 
15:54:10,21.42685787836733;12.51531508445991;16.371600831401878,29.728314180017346,46;46;46,2.142685787836733e-05;1.2515315084459911e-05;1.6371600831401877e-05 
15:54:12,4.408697900772293;10.573143685656872;14.2554757181248,18.28788048210797,14;14;14,4.4086979007722935e-06;1.0573143685656872e-05;1.42554757181248e-05 
15:54:14,16.026187362670598;0.909048442843563;10.0699872429999,18.9491343741354,58;58;58,1.60261873626706e-05;9.09048442843563e-07;1.0069987242999901e-05 
15:54:17,10.2601516977949;4.719195928571285;2.0986673927740895,11.486771865911699,63;63;63,1.02601516977949e-05;4.719195928571285e-06;2.0986673927740896e-06 
15:54:19,11.715377394358045;1.2582028516114896;4.631283836326716,12.660250071805844,68;68;68,1.1715377394358046e-05;1.2582028516114895e-06;4.631283836326716e-06 
15:54:21,16.793080081939888;16.951446545922842;0.09477048241812724,23.86143457720142,45;45;45,1.679308008193989e-05;1.6951446545922846e-05;9.477048241812725e-08 
15:54:23,2.474631872177044;6.5154706637047255;6.722469348860116,9.683323552311732,15;15;15,2.474631872177044e-06;6.515470663704726e-06;6.722469348860116e-06 
15:54:25,5.816538356145047;1.457096166609717;13.157509800651113,14.459436774697876,24;24;24,5.8165383561450475e-06;1.457096166609717e-06;1.3157509800651112e-05 
15:54:27,8.24877290725725;7.822305736543855;13.711168934470663,17.810863961668492,28;28;28,8.24877290725725e-06;7.822305736543855e-06;1.3711168934470663e-05 
15:54:30,13.443691717783542;11.342530364988225;5.769153114915326,18.51132004333616,47;47;47,1.3443691717783543e-05;1.1342530364988226e-05;5.769153114915326e-06 
15:54:32,4.856363732020343;6.627698866523923;4.18299451505888,9.219983952047732,32;32;32,4.856363732020344e-06;6.627698866523924e-06;4.18299451505888e-06 
15:54:34,31.041073919931765;7.508690258662298;6.639545176785333,32.61920078202057,72;72;72,3.104107391993176e-05;7.508690258662298e-06;6.6395451767853335e-06 
15:54:36,5.99049207051576;18.158523216251666;6.706258608451421,20.263066529168082,17;17;17,5.99049207051576e-06;1.8158523216251667e-05;6.706258608451421e-06 
15:54:38,13.466137358347293;10.863066542940004;3.015821205815783,17.56241007423717,50;50;50,1.3466137358347294e-05;1.0863066542940004e-05;3.015821205815783e-06 
15:54:40,4.380640850067382;2.1435586738577372;7.057906977404826,8.578980647329235,31;31;31,4.380640850067383e-06;2.1435586738577373e-06;7.057906977404827e-06 
15:54:42,10.52077052434306;1.1278934383417427;14.151976375540443,17.670234615533403,37;37;37,1.0520770524343061e-05;1.1278934383417428e-06;1.4151976375540443e-05 
15:54:44,2.8780299123130697;6.59901832580756;0.0006234900364887608,7.199312427534494,24;24;24,2.87802991231307e-06;6.59901832580756e-06;6.234900364887608e-10 
15:54:47,9.18650189081803;14.744291890463224;1.704621702861786,17.45542023243927,32;32;32,9.18650189081803e-06;1.4744291890463224e-05;1.704621702861786e-06 
15:54:49,7.508690258662042;6.386408230466767;8.374717890379912,12.934548280869697,36;36;36,7.508690258662042e-06;6.386408230466767e-06;8.374717890379912e-06 
15:54:51,2.989634625117171;5.347673864365188;3.5108722781984625,7.061285655256871,25;25;25,2.989634625117171e-06;5.347673864365188e-06;3.5108722781984625e-06 
15:54:53,12.567064755757396;2.300678157806324;1.708362642883543,12.889636902597637,77;77;77,1.2567064755757397e-05;2.3006781578063242e-06;1.708362642883543e-06 
15:54:55,5.535967849095471;10.86805446307193;3.241524591482303,12.620183418465079,26;26;26,5.535967849095471e-06;1.086805446307193e-05;3.2415245914823033e-06 
15:54:57,7.253059352239168;3.119320548378157;23.37526417730018,24.672657052073077,17;17;17,7.253059352239168e-06;3.1193205483781574e-06;2.3375264177300182e-05 
15:55:00,14.661991208394017;0.970773954393267;22.657003679221077,27.00474410146834,33;33;33,1.4661991208394018e-05;9.70773954393267e-07;2.265700367922108e-05 
15:55:02,10.186579875946206;7.183851960498089;3.3013796329850464,12.894698369503374,52;52;52,1.0186579875946208e-05;7.183851960498089e-06;3.3013796329850465e-06 
15:55:04,4.918712733586503;4.799002650577422;11.706648534161701,13.574600594425807,21;21;21,4.918712733586503e-06;4.799002650577422e-06;1.1706648534161701e-05 
15:55:06,5.497934958139987;30.545399357477464;20.337620820999547,37.10616567863725,9;9;9,5.497934958139987e-06;3.0545399357477466e-05;2.0337620820999547e-05 
15:55:08,17.32367008527145;2.8393735313432256;8.262489687670183,19.402070072873087,63;63;63,1.732367008527145e-05;2.8393735313432255e-06;8.262489687670182e-06 
15:55:11,2.187202974955317;24.799938863121152;14.077781063745576,28.6007822296341,4;4;4,2.187202974955317e-06;2.4799938863121152e-05;1.4077781063745576e-05 
15:55:13,6.566596844991321;3.2315487511951346;1.0056893952423707,7.387456437482645,63;63;63,6.566596844991321e-06;3.2315487511951346e-06;1.0056893952423708e-06 
15:55:15,7.4033204460144875;3.379315884910472;20.80274437272145,22.337929691741316,19;19;19,7.403320446014487e-06;3.3793158849104723e-06;2.080274437272145e-05 
15:55:17,11.891201578775796;2.8861352825155784;18.50456017492519,22.184435965863287,32;32;32,1.1891201578775797e-05;2.8861352825155784e-06;1.8504560174925188e-05 
15:55:19,2.2900788275403636;5.044034226733718;3.1810460598986623,6.3879414800079894,21;21;21,2.2900788275403637e-06;5.044034226733718e-06;3.181046059898662e-06 
15:55:21,15.104669119517238;1.0025719451941528;4.800873120677451,15.880949670477243,72;72;72,1.510466911951724e-05;1.0025719451941528e-06;4.800873120677452e-06 
15:55:24,11.86688546816484;0.23256177584540794;8.70766155874314,14.720748130300283,54;54;54,1.1866885468164841e-05;2.3256177584540793e-07;8.70766155874314e-06 
15:55:26,17.393500967025542;8.77811593055533;61.5821088473556,64.59059780856452,16;16;16,1.7393500967025544e-05;8.77811593055533e-06;6.15821088473556e-05 
15:55:28,0.18143559455853497;8.102252753577787;11.644923022622322,14.187446943006732,1;1;1,1.8143559455853498e-07;8.102252753577789e-06;1.1644923022622323e-05 
15:55:30,23.11526884078987;4.268412647248532;0.45701818154242346,23.510505433262015,80;80;80,2.311526884078987e-05;4.268412647248532e-06;4.5701818154242345e-07 
15:55:32,1.622944510777817;17.53191575050417;20.009665072704408,26.65311829954699,3;3;3,1.622944510777817e-06;1.753191575050417e-05;2.000966507270441e-05 
15:55:34,10.353051710128701;9.263814652762935;12.719819809653643,18.836075961393906,33;33;33,1.0353051710128701e-05;9.263814652762936e-06;1.2719819809653643e-05 
15:55:36,9.109812618891516;9.712727464039506;2.2801029873313894,13.510167666422943,42;42;42,9.109812618891516e-06;9.712727464039507e-06;2.2801029873313893e-06 
15:55:39,2.7838829199470503;9.892916078563573;9.679059003230961,14.117506006285279,11;11;11,2.7838829199470507e-06;9.892916078563575e-06;9.679059003230961e-06 
15:55:41,19.385551567077407;5.4355859565753395;11.886213658589995,23.38006157795115,56;56;56,1.9385551567077407e-05;5.43558595657534e-06;1.1886213658589996e-05 
15:55:43,17.836802368163845;0.774374599458616;11.187904841046148,21.069418346825,58;58;58,1.7836802368163847e-05;7.74374599458616e-07;1.1187904841046148e-05 
15:55:45,6.100226313273102;12.972956755957332;15.403320836997025,21.042163882846157,17;17;17,6.100226313273103e-06;1.2972956755957333e-05;1.5403320836997027e-05 
15:55:47,18.482114534377967;35.13428587277656;1.2750370819905044,39.71941994808462,28;28;28,1.8482114534377967e-05;3.513428587277656e-05;1.2750370819905045e-06 
15:55:49,8.624113896688144;4.127503903710195;12.25033182773494,15.539699445864715,34;34;34,8.624113896688143e-06;4.127503903710195e-06;1.225033182773494e-05 
15:55:51,6.19749075571719;1.3897592449214624;0.23069130584651987,6.355591310384729,77;77;77,6.19749075571719e-06;1.3897592449214624e-06;2.3069130584651986e-07 
15:55:54,7.432624476750443;19.1037340799991;2.4185177708080374,20.64087669212292,21;21;21,7.432624476750443e-06;1.9103734079999102e-05;2.4185177708080373e-06 
15:55:56,6.159457864761228;1.3641961542719683;18.74273336090404,19.77599570623549,18;18;18,6.159457864761228e-06;1.3641961542719683e-06;1.874273336090404e-05 
15:55:58,2.157898944218771;11.049490057629896;0.6665108267167597,11.277942856268295,11;11;11,2.157898944218771e-06;1.1049490057629897e-05;6.665108267167597e-07 
15:56:00,8.259372237523127;7.1046687285087895;5.534720869084353,12.219929729687333,43;43;43,8.259372237523127e-06;7.10466872850879e-06;5.534720869084353e-06 
15:56:02,10.159769805272653;2.6666667970045577;23.54235950154049,25.77934687307167,23;23;23,1.0159769805272653e-05;2.666666797004558e-06;2.3542359501540488e-05 
15:56:04,4.253448886871569;13.063362808231727;16.38656459171628,21.383703477443063,11;11;11,4.253448886871569e-06;1.3063362808231727e-05;1.638656459171628e-05 
15:56:07,1.9527707290650855;15.824800087614;20.737901411054693,26.159093376259538,4;4;4,1.9527707290650858e-06;1.5824800087614e-05;2.0737901411054694e-05 
15:56:09,5.8371135266619065;3.8226172860470475;7.105292218485104,9.958387156000216,36;36;36,5.837113526661907e-06;3.8226172860470475e-06;7.105292218485104e-06 
15:56:11,8.380329300562373;4.118151553475169;8.115969533950107,12.371663302857078,43;43;43,8.380329300562373e-06;4.118151553475169e-06;8.115969533950107e-06 
15:56:13,26.894865315755485;6.713116998671276;23.281117184989597,36.1995875331708,48;48;48,2.6894865315755485e-05;6.7131169986712755e-06;2.3281117184989596e-05 
15:56:15,2.76517821947761;19.11308643022891;0.857298771498094,19.33109527829414,8;8;8,2.76517821947761e-06;1.911308643022891e-05;8.572987714980939e-07 
15:56:17,6.034759861628568;8.667758197785425;0.3267087681741998,10.566697562720416,35;35;35,6.034759861628568e-06;8.667758197785424e-06;3.267087681741998e-07 
15:56:19,6.246746466954646;2.033200941085278;17.590523812010872,18.777174320705495,19;19;19,6.246746466954647e-06;2.0332009410852782e-06;1.7590523812010872e-05 
15:56:21,15.939522250493606;7.350947284701204;14.408230772060548,22.709071084863627,45;45;45,1.5939522250493608e-05;7.350947284701204e-06;1.4408230772060549e-05 
15:56:24,22.469956674575617;17.861741968788756;5.968669919957037,29.318352609420174,50;50;50,2.2469956674575616e-05;1.7861741968788757e-05;5.968669919957037e-06 
15:56:26,9.80313351631143;19.563869711557768;20.643130928704068,30.082973246822768,19;19;19,9.80313351631143e-06;1.956386971155777e-05;2.064313092870407e-05 
15:56:28,14.492401924133542;0.9726444244408938;14.186268326493945,20.30334848586092,46;46;46,1.4492401924133543e-05;9.726444244408938e-07;1.4186268326493944e-05 
15:56:30,21.02096587816854;1.338633063632133;22.965631236989026,31.162367738083404,42;42;42,2.1020965878168542e-05;1.338633063632133e-06;2.2965631236989025e-05 
15:56:32,8.458265552520585;9.057439457573647;0.7413296285836424,12.414871537909054,43;43;43,8.458265552520585e-06;9.057439457573648e-06;7.413296285836423e-07 
15:56:34,13.104513149261296;7.36902849515253;5.618892021139743,16.050009139771852,55;55;55,1.3104513149261297e-05;7.36902849515253e-06;5.618892021139743e-06 
15:56:37,15.42701345761624;6.450004212063987;3.8163823859029833,17.15109538987368,64;64;64,1.5427013457616243e-05;6.450004212063987e-06;3.816382385902983e-06 
15:56:39,8.350401779810397;9.524433479313199;5.42685709632984,13.780232978077995,37;37;37,8.350401779810397e-06;9.524433479313199e-06;5.4268570963298404e-06 
15:56:41,2.1778506247204232;14.094615294135027;6.156963904651036,15.534137187383015,8;8;8,2.177850624720423e-06;1.4094615294135027e-05;6.156963904651036e-06 
15:56:43,3.4192192459104667;11.613125031791572;16.245032358185085,20.259733699486503,10;10;10,3.419219245910467e-06;1.1613125031791573e-05;1.6245032358185085e-05 
15:56:45,11.570727710724007;35.36684764862219;17.64539093329276,41.18319406681929,16;16;16,1.1570727710724007e-05;3.536684764862219e-05;1.764539093329276e-05 
15:56:47,32.184554608662786;52.79713452656976;31.268647775666736,69.29005197929506,28;28;28,3.218455460866278e-05;5.279713452656976e-05;3.126864777566674e-05 
15:56:50,16.591069316863813;8.142779604590755;2.7028292179753777,18.678161755040577,63;63;63,1.6591069316863814e-05;8.142779604590756e-06;2.7028292179753777e-06 
15:56:52,45.610165115992466;26.714053211214782;2.157898944190606,52.901647693933405,60;60;60,4.5610165115992465e-05;2.6714053211214784e-05;2.1578989441906062e-06 
15:56:54,6.821604261398114;2.1148781331364885;0.11098122274688649,7.142780344441944,73;73;73,6.821604261398113e-06;2.1148781331364884e-06;1.1098122274688649e-07 
15:56:56,7.550464089711759;16.821760622659387;4.25033143674014,18.922115519629994,24;24;24,7.550464089711759e-06;1.6821760622659387e-05;4.25033143674014e-06 
15:56:58,7.7343936443327115;5.984257170357554;16.529343805343544,19.20550404341732,24;24;24,7.734393644332712e-06;5.9842571703575545e-06;1.6529343805343543e-05 
15:57:00,3.1617178694408192;11.501520318987879;14.382044191407317,18.684876897042308,10;10;10,3.1617178694408193e-06;1.150152031898788e-05;1.4382044191407317e-05 
15:57:03,54.587797851562684;17.54438555081872;23.41142659821749,61.93325466986677,62;62;62,5.458779785156268e-05;1.754438555081872e-05;2.341142659821749e-05 
15:57:05,2.005767380396685;9.437768367129063;5.7255088138319365,11.219448547638718,10;10;10,2.005767380396685e-06;9.437768367129064e-06;5.7255088138319364e-06 
15:57:07,3.017068185806035;2.278232517241241;25.089238230350475,25.372483497279056,7;7;7,3.017068185806035e-06;2.278232517241241e-06;2.5089238230350475e-05 
15:57:09,4.208557605743672;8.652170947396453;1.1266464583385982,9.687174586323973,26;26;26,4.208557605743672e-06;8.652170947396454e-06;1.1266464583385981e-06 
15:57:11,17.23825195312479;7.338477484384653;15.935157820337054,24.595524734131622,45;45;45,1.723825195312479e-05;7.338477484384654e-06;1.5935157820337052e-05 
15:57:13,3.4915440877277617;18.518900445301355;0.7930792999726322,18.861853795307994,11;11;11,3.4915440877277617e-06;1.8518900445301358e-05;7.930792999726322e-07 
15:57:16,5.888239707947093;2.3717560195947174;16.233186047896808,17.43023014020068,20;20;20,5.888239707947094e-06;2.3717560195947176e-06;1.6233186047896807e-05 
15:57:18,6.1195545037584855;21.73984986623012;10.259528207742008,24.80580453394226,14;14;14,6.1195545037584855e-06;2.173984986623012e-05;1.0259528207742009e-05 
15:57:20,9.65349591255163;11.560751870471343;0.74631754881338,15.079720058009183,40;40;40,9.65349591255163e-06;1.1560751870471344e-05;7.4631754881338e-07 
15:57:22,6.013561201095391;2.480243282320993;0.5754812845104595,6.53036781258453,67;67;67,6.013561201095391e-06;2.480243282320993e-06;5.754812845104595e-07 
15:57:24,2.9915050951637783;8.866028022765926;5.446185286901439,10.826656446665481,16;16;16,2.9915050951637785e-06;8.866028022765926e-06;5.446185286901439e-06 
15:57:26,2.6061882654828255;0.34042554855140406;12.323280159584726,12.600450020569165,12;12;12,2.6061882654828255e-06;3.404255485514041e-07;1.2323280159584727e-05 
15:57:28,5.625126921336175;16.750682760870774;10.709064509052624,20.66183652281483,16;16;16,5.625126921336175e-06;1.6750682760870777e-05;1.0709064509052624e-05 
15:57:31,8.746941429774287;12.854493652976418;15.179487921360035,21.7293314440419,24;24;24,8.746941429774287e-06;1.2854493652976418e-05;1.5179487921360036e-05 
15:57:33,11.734705584843699;1.0499571863769042;1.8355546061652461,11.923715275382957,80;80;80,1.17347055848437e-05;1.0499571863769043e-06;1.835554606165246e-06 
15:57:35,29.790352948506964;1.3199283631618597;24.060479704575144,38.31597608432766,51;51;51,2.9790352948506963e-05;1.3199283631618597e-06;2.4060479704575145e-05 
15:57:37,5.098901348114166;5.746083984372152;6.610241146027818,10.134671386971448,30;30;30,5.0989013481141655e-06;5.746083984372153e-06;6.610241146027818e-06 
15:57:39,9.044969657262266;7.918946688972528;2.255163386703174,12.231392180136757,48;48;48,9.044969657262265e-06;7.918946688972527e-06;2.255163386703174e-06 
15:57:41,5.678747062683252;7.609695641203618;9.134128729535007,13.17527774285627,26;26;26,5.6787470626832525e-06;7.609695641203618e-06;9.134128729535008e-06 
15:57:43,6.688800888061647;0.15213156381932436;0.7107786177940056,6.728180108792983,84;84;84,6.688800888061647e-06;1.5213156381932436e-07;7.107786177940057e-07 
15:57:45,1.0181591955822356;1.3623256842338893;21.140675961222044,21.20897827607128,3;3;3,1.0181591955822356e-06;1.3623256842338894e-06;2.1140675961222046e-05 
15:57:48,12.927441984812125;3.687943442664876;19.49466231985575,23.680404178818016,33;33;33,1.2927441984812126e-05;3.687943442664876e-06;1.949466231985575e-05 
15:57:50,20.139974486033445;7.794872175855727;12.563323815614424,24.984309272661363,54;54;54,2.0139974486033444e-05;7.794872175855728e-06;1.2563323815614425e-05 
15:57:52,18.76704947153708;5.146910079322664;10.750838340085167,22.232259314932403,58;58;58,1.876704947153708e-05;5.146910079322664e-06;1.0750838340085168e-05 
15:57:54,8.827371641794965;4.721689888631642;3.9947005304092897,10.778426500859227,55;55;55,8.827371641794965e-06;4.7216898886316416e-06;3.99470053040929e-06 
15:57:56,1.2039592202501974;17.490765409466924;3.659886392004097,17.910085449695845,4;4;4,1.2039592202501976e-06;1.7490765409466924e-05;3.659886392004097e-06 
15:57:58,24.927130826314432;0.7930792999247815;15.17574698127433,29.194076838424287,59;59;59,2.4927130826314433e-05;7.930792999247815e-07;1.517574698127433e-05 
15:58:01,11.612501541773762;2.0681163819641357;4.697373778048686,12.696165477723808,66;66;66,1.1612501541773763e-05;2.068116381964136e-06;4.697373778048685e-06 
15:58:03,11.589432411193625;2.52451107342766;5.461772537211473,13.058294644467232,63;63;63,1.1589432411193627e-05;2.52451107342766e-06;5.461772537211473e-06 
15:58:05,6.953160654703999;3.760268284482504;15.46878728864165,17.37151233608203,24;24;24,6.953160654703999e-06;3.7602682844825042e-06;1.546878728864165e-05 
15:58:07,10.29506713867212;19.440418688456806;12.554594955380693,25.328563730814615,24;24;24,1.0295067138672121e-05;1.9440418688456806e-05;1.2554594955380694e-05 
15:58:09,9.785052305857494;13.598317241672596;2.111137193031354,16.885448785310313,35;35;35,9.785052305857494e-06;1.3598317241672598e-05;2.111137193031354e-06 
15:58:12,5.448055756887074;8.5455541547107;19.26272403396645,21.766036491515685,15;15;15,5.448055756887074e-06;8.5455541547107e-06;1.926272403396645e-05 
15:58:14,3.345023934046218;4.040838791526391;1.629802900913191,5.4930702484377125,38;38;38,3.345023934046218e-06;4.040838791526391e-06;1.6298029009131909e-06 
15:58:16,18.927286405563486;3.3444004440325026;2.8431144714744505,19.429629047055442,77;77;77,1.8927286405563488e-05;3.344400444032503e-06;2.8431144714744507e-06 
15:58:18,12.904996344248207;6.703141158423742;3.954797169393842,15.07021740672176,59;59;59,1.2904996344248208e-05;6.7031411584237425e-06;3.954797169393842e-06 
15:58:20,0.5312134933473032;7.3908506456985545;8.644065577222193,11.385373544414545,3;3;3,5.312134933473032e-07;7.390850645698555e-06;8.644065577222193e-06 
15:58:22,20.269036919276125;2.583742624922225;6.150105514546311,21.33854215795614,72;72;72,2.0269036919276123e-05;2.5837426249222253e-06;6.150105514546312e-06 
15:58:24,8.505650793711121;1.1372457885776566;7.857221177495433,11.635091234720893,47;47;47,8.505650793711121e-06;1.1372457885776565e-06;7.857221177495433e-06 
15:58:27,18.3680158615114;10.422882591885617;0.901566562630407,21.1384320724083,60;60;60,1.83680158615114e-05;1.0422882591885618e-05;9.01566562630407e-07 
15:58:29,26.394202833175832;13.711792424522585;6.142623634280753,30.371022699350224,60;60;60,2.639420283317583e-05;1.3711792424522586e-05;6.142623634280753e-06 
15:58:31,20.656224219004564;2.2451875464117865;16.001247762012838,26.225186291915527,52;52;52,2.0656224219004566e-05;2.2451875464117864e-06;1.600124776201284e-05 
15:58:33,19.26023007392854;8.220715856549266;8.961421995191898,22.778141185590428,58;58;58,1.9260230073928542e-05;8.220715856549266e-06;8.9614219951919e-06 
15:58:35,2.7190399583183202;5.0664798673013545;10.124854364347513,11.643670917710983,14;14;14,2.7190399583183205e-06;5.0664798673013544e-06;1.0124854364347513e-05 
15:58:37,5.475489317575875;8.294287678401124;6.370197490081608,11.804897603181752,28;28;28,5.475489317575875e-06;8.294287678401124e-06;6.370197490081609e-06 
15:58:40,22.872107734680338;5.729249753953947;12.232874107294123,26.563147853650786,59;59;59,2.2872107734680335e-05;5.729249753953947e-06;1.2232874107294122e-05 
15:58:42,10.124230874379705;0.04239732106792182;1.2482270113913785,10.200976374962549,83;83;83,1.0124230874379705e-05;4.2397321067921824e-08;1.2482270113913786e-06 
15:58:44,8.733848139444632;12.858234593075668;13.506040719398982,20.59192647829512,25;25;25,8.733848139444633e-06;1.2858234593075668e-05;1.3506040719398982e-05 
15:58:46,13.25976216316202;22.640792938864564;11.91302372928682,28.815741043719722,27;27;27,1.3259762163162021e-05;2.2640792938864566e-05;1.191302372928682e-05 
15:58:48,16.929000905354673;12.080742543536417;7.008027776109316,21.946477288335586,51;51;51,1.6929000905354672e-05;1.2080742543536418e-05;7.008027776109316e-06 
15:58:50,7.503078848521076;6.251110897066536;7.58787349068335,12.367231046809286,37;37;37,7.503078848521077e-06;6.251110897066536e-06;7.587873490683351e-06 
15:58:52,22.894553375243937;8.594809865954511;2.0550230916001055,24.54087306496678,69;69;69,2.2894553375243938e-05;8.594809865954512e-06;2.0550230916001057e-06 
15:58:55,8.343543389638338;2.602447325390278;9.515081129023883,12.919915528675682,40;40;40,8.343543389638337e-06;2.602447325390278e-06;9.515081129023883e-06 
15:58:57,12.129998254776122;0.40464502016435144;4.237861636523732,12.855351667828275,71;71;71,1.2129998254776123e-05;4.0464502016435144e-07;4.237861636523732e-06 
15:58:59,17.720209735234498;14.351493180590701;10.591848386162894,25.142761220850474,45;45;45,1.77202097352345e-05;1.4351493180590703e-05;1.0591848386162894e-05 
15:59:01,1.8467774264019632;7.054166037244292;12.550854015334068,14.515363648834498,7;7;7,1.8467774264019632e-06;7.054166037244292e-06;1.2550854015334067e-05 
15:59:03,14.849038213094277;6.826592181526703;14.312836799614814,21.724492949646113,43;43;43,1.4849038213094277e-05;6.826592181526703e-06;1.4312836799614814e-05 
15:59:05,1.0792612171175233;0.3304497083060909;10.179097995797193,10.241486112500276,6;6;6,1.0792612171175233e-06;3.3044970830609086e-07;1.0179097995797194e-05 
15:59:08,12.696127189000588;2.7527084191616424;0.2662302366474023,12.993841917581909,78;78;78,1.269612718900059e-05;2.7527084191616423e-06;2.662302366474023e-07 
15:59:10,3.459122606913487;20.402463782624668;17.20707745230321,26.913000056859747,7;7;7,3.4591226069134866e-06;2.040246378262467e-05;1.720707745230321e-05 
15:59:12,3.4971554978686785;4.7933912404400925;1.2756605720376513,6.069102574125137,35;35;35,3.497155497868679e-06;4.793391240440092e-06;1.2756605720376513e-06 
15:59:14,4.964227504730495;20.614450387957174;5.251032911901987,21.84427765246881,13;13;13,4.964227504730495e-06;2.0614450387957174e-05;5.2510329119019874e-06 
15:59:16,5.719897403717283;3.068194367088606;5.218611431088149,8.328562195959748,43;43;43,5.719897403717284e-06;3.0681943670886057e-06;5.218611431088149e-06 
15:59:18,8.857922652562259;1.3623256842261178;9.601122751197622,13.133936312935369,42;42;42,8.857922652562259e-06;1.3623256842261178e-06;9.601122751197622e-06 
15:59:20,14.347128750483387;2.166627804435328;0.6877094872557166,14.526091138525903,81;81;81,1.4347128750483389e-05;2.166627804435328e-06;6.877094872557166e-07 
15:59:23,3.3668460845949486;5.357026214601102;23.438236668889445,24.27723873442261,8;8;8,3.3668460845949487e-06;5.357026214601102e-06;2.3438236668889444e-05 
15:59:25,11.921752589543873;2.9341440137196084;15.367158416072613,19.66944187525955,37;37;37,1.1921752589543873e-05;2.9341440137196086e-06;1.5367158416072612e-05 
15:59:27,32.51562780698154;7.730652704240781;2.240823116324009,33.49701973540913,76;76;76,3.251562780698154e-05;7.730652704240781e-06;2.240823116324009e-06 
15:59:29,1.3535968240104002;13.01535407702492;1.651625051451333,13.18937191161436,6;6;6,1.3535968240104003e-06;1.301535407702492e-05;1.6516250514513332e-06 
15:59:31,9.917855679194307;16.556153875988635;8.582963555626932,21.12196382526872,28;28;28,9.917855679194308e-06;1.6556153875988637e-05;8.582963555626933e-06 
15:59:33,6.657626387278473;16.736965980532204;9.339256944716823,20.289695404946826,19;19;19,6.657626387278473e-06;1.6736965980532204e-05;9.339256944716822e-06 
15:59:35,14.183774366379021;8.437066891989753;25.318059066078646,30.221973262672766,28;28;28,1.4183774366379021e-05;8.437066891989752e-06;2.5318059066078648e-05 
15:59:38,0.7918323198952346;3.550775639214243;1.7264438534070337,4.026861611954763,11;11;11,7.918323198952346e-07;3.5507756392142432e-06;1.7264438534070337e-06 
15:59:40,8.917777694066528;9.657860342659475;7.741252034531243,15.255425541794605,36;36;36,8.917777694066529e-06;9.657860342659476e-06;7.741252034531243e-06 
15:59:42,3.359987694422591;0.02493960062577294;16.619749857547106,16.956008510784244,11;11;11,3.359987694422591e-06;2.493960062577294e-08;1.6619749857547106e-05 
15:59:44,4.7840388902025826;10.177227525708489;0.18642351471420682,11.247121495736039,25;25;25,4.784038890202583e-06;1.017722752570849e-05;1.864235147142068e-07 
15:59:46,31.835400199890305;29.92377981185468;32.51500431701082,54.462379766686375,36;36;36,3.1835400199890306e-05;2.992377981185468e-05;3.251500431701082e-05 
15:59:48,3.244018551508819;1.3529733339936456;15.501208769451935,15.894705612849986,12;12;12,3.2440185515088193e-06;1.3529733339936456e-06;1.5501208769451934e-05 
15:59:51,13.949965610503844;7.1383371893535275;10.829398082107033,19.048182621549255,47;47;47,1.3949965610503845e-05;7.138337189353528e-06;1.0829398082107033e-05 
15:59:53,2.025719060898032;4.1992052555090975;11.048243077649289,11.991686186454608,10;10;10,2.025719060898032e-06;4.199205255509098e-06;1.1048243077649289e-05 
15:59:55,3.0582185268403506;20.18548925717445;11.521471999444088,23.44250400753701,7;7;7,3.0582185268403506e-06;2.018548925717445e-05;1.1521471999444089e-05 
15:59:57,53.41688360214231;118.4362929058066;64.81241061845644,145.1935518582359,22;22;22,5.341688360214231e-05;0.0001184362929058066;6.481241061845643e-05 
15:59:59,8.977009245554509;8.67025215784556;4.969838914842484,13.4335128062201,42;42;42,8.977009245554508e-06;8.670252157845561e-06;4.969838914842484e-06 
16:00:01,6.717481428782348;5.391941655480514;9.135375709558247,12.55598187785123,32;32;32,6.717481428782348e-06;5.391941655480514e-06;9.135375709558247e-06
